Input Sample	B cells naive	B cells memory	Plasma cells	T cells CD8	T cells CD4 naive	T cells CD4 memory resting	T cells CD4 memory activated	T cells follicular helper	T cells regulatory (Tregs)	T cells gamma delta	NK cells resting	NK cells activated	Monocytes	Macrophages M0	Macrophages M1	Macrophages M2	Dendritic cells resting	Dendritic cells activated	Mast cells resting	Mast cells activated	Eosinophils	Neutrophils	P-value	Pearson Correlation	Absolute score
TCGA.AR.A0TU	0.12247169081938393	0	0	2.019424667102512	0	3.880103648669803	1.2650579984805703	2.2590749017357203	0.38970291780224314	0	0.7874210612534165	0	0.21508384361341543	2.9220617707607364	3.3621578603316893	4.230664028105364	0	2.7764012664195867	0.7703743449055737	0	0	0	0	0.3971545709429827	25.000000000000014
TCGA.AR.A256	0.012700996738762694	0.11379092557854091	0	0	0	4.885940870208973	0	1.1569890338704671	0.01531753868541045	0	0	0.32393896695648194	0.15828383052582143	6.858184579064673	0	0.29892759857513385	0	2.8656879987370822	0	0.4352376610586581	0	0	0.03	0.18642650405626515	17.125000000000004
TCGA.AO.A12F	0.03558569584837513	0.1811359972694039	0.00500726226485571	0.6510694120994925	0	2.933464614622679	0	0.8686737258299139	0	0	0.344228282040925	0.182359583503098	0.9199831669918651	1.8093518149173733	0	2.9893771853001434	0	0.4292293843224134	1.29658858496376	0	0	0.22894529002570174	0.5	0.01773134216275083	12.875
TCGA.C8.A3M7	5.775918477353003	0	4.871007507908725	1.5549073270049734	0	4.920868911417552	0	0.1570015665157251	0	0	0	1.052419927705243	0.5558819172470169	0.22065094540982988	1.4332719891049104	3.164590052207871	0	0	2.9184813781251644	0	0	0	0	0.4469914968777156	26.625000000000014
TCGA.GM.A2DF	5.026238619441228	0	1.0341259752199254	2.028152336548883	0	3.375383087195992	0.06148785132306513	1.3516545736606111	1.3169078486064336	0	0	0	0	9.326420187250475	3.2177388873809805	5.261890633372427	0	0	0	0	0	0	0.03	0.20710892286710747	32.00000000000002
TCGA.BH.A42U	8.702701802823466	0	2.279603819875978	4.150967593984625	0	11.76744931562426	0	1.0472808630918207	2.0712819452297757	0	0.41592621085193815	0.7678372796225011	0.5523050717215006	6.387439129009011	1.7369726805254624	6.8556295341811655	0	0	0.012868232784897607	0.3767365206736405	0	0	0	0.34372839408376843	47.12500000000004
TCGA.AC.A2BK	0.8720087027187314	0	0.10497766918601131	0.6978551712784676	0	0.45969192354769506	0	0.5945606030302183	0.1549657384541752	0	0	0.11263121995444311	0	0	0.5497430702784412	2.1197063949281327	0	1.0793193652308897	0.12954014139279846	0	0	0	0.32	0.04422744436377271	6.875000000000004
TCGA.BH.A0BL	11.293168551730725	0	1.4617493862012965	0.2634507530540529	0	5.725547904866914	0	4.551564988084148	0.15872381295203844	1.384415021002309	0	1.7328565211564966	0.9256483059701042	8.271116893586296	7.027588428480975	4.22879121050746	0.7039190869247562	1.0887536117688703	5.182705523713565	0	0	0	0	0.3794125549922975	54.00000000000001
TCGA.A7.A26I	0.864383960935134	0	0.18288752358738192	0	0	1.5708150401039933	0	0.15438839503893714	0.055856590741910024	0	0.22896950888383058	0	0	2.4874438486777866	0.21345877196568055	3.349278216677561	0	0.36574755185078034	0.17886268358028626	0	0	0.09790790795672166	0.07	0.134245487103347	9.750000000000004
TCGA.OL.A5D6	1.2447969183196288	0	0.032618463400920374	0.04028695798733708	0	3.920006437630054	0	0	0	0	0.4105908348679601	0	0.3638311072415786	0.5310071663991597	1.0045596506944838	5.868231573366355	0.3684906297157333	0	0.9655802603767856	0	0	0	0.07	0.1278313844836028	14.749999999999996
TCGA.E2.A1LL	0.016532668436057125	0.14184604241560597	0	0.28308881548694853	0	1.158212689252872	0	0.5021036453045318	0.017876218671026997	0	0	0.18078853099195613	0.38155511444427964	2.1774117869756413	0.0657140590492582	0.445006770361108	0.04640728776714346	0	0.9716555390428231	0	0.11180083180074804	0	0.36	0.03623716030266312	6.5
TCGA.A7.A0DA	0.6363753239312671	0	0	0	0	1.556736214930916	0	0.16414617203655615	0.1649008485517765	0	0.3565243372303391	0	0	5.071792813226831	0.8054625254774131	3.0214858214877958	0	0.1605956364538813	0	0.061980306673218445	0	0	0.03	0.18601830062578203	11.999999999999995
TCGA.GM.A2DB	1.910031290286029	0.510645791073162	0	0.810815102334628	0	3.170028411682592	0	0.6195760634165967	0	0	0.9523168749395541	0	0	3.5794671661840987	2.38788913977557	1.0874434047290118	0	0	0.22178675557876099	0	0	0	0	0.2967582454259913	15.250000000000004
TCGA.A2.A3XS	5.2957401002895	0	0	2.418930129760988	0	11.510625683652302	0.2881910593121064	0	1.5644188311509384	0	2.1445992379285506	0	1.0278411494258886	0.9975420660093733	2.8022782335466263	5.101419460030377	0	0.31804209122447263	0.40537195766887807	0	0	0	0.03	0.1997851948525636	33.875
TCGA.E2.A14R	0.7460704031740041	0	0.8577852084385915	1.9427686546043503	0	2.587427747588169	0	1.8639265828012395	0.547135429194542	0	0.18553045942771956	0	0	8.857826872873645	2.4875075220292615	1.726400757318052	0	0.5089756294368329	0.813644733113604	0	0	0	0.12	0.10054147662046678	23.12500000000001
TCGA.E9.A5FL	0	0.09740685498261116	0	0	0	2.0625235800643793	0	0.2152114219351701	0.4123851672251027	0	0.2583708132645002	0.05558100366764021	0.2364754411000451	0	0.2681318950660389	7.100084895889739	0.21009400377243184	0.5251404055465902	0.308594517485752	0	0	0	0.03	0.15320491117468674	11.75
TCGA.LL.A740	0.8899997272646832	0	0	0	0	1.9961102756502338	0.061746441758070245	0.5664786818815104	0.7156959289066886	0	0.5536425494664532	0	0	6.767477922476219	0.06166228471739296	4.379296095533932	0.5616253256157481	0.7275819417579212	0.5936828249711577	0	0	0	0.01	0.2638536561546107	17.87500000000001
TCGA.GM.A3XL	1.167493610890984	0	1.2863430449790818	0.5605988785529921	0	6.853467734738395	1.3313660112652494	2.1222342729224883	0.170050589146299	0	0.4612507253542795	0.8811261130680885	0	2.993012654612114	3.026100114613876	4.523908864321822	0.08685182875649429	1.0736099070600338	1.712585649717795	0	0	0	0.03	0.17461502217823033	28.249999999999993
TCGA.A2.A0D0	0.5165812843199316	0	0.018333418011366627	0.11570309117246054	0	3.619129058502676	0.06503962016310302	1.364875683463056	0.07675289645123491	0.13559116228694187	0	0.8436257221879964	0	6.989631339243391	1.9009830980449807	1.050419363838575	0	0	0.3033342623142873	0	0	0	0.03	0.22076033488033905	17.0
TCGA.BH.A1EW	2.0318867407882686	0	0.22172408957948225	0	0	9.639341933261454	1.4653559439444104	0	0	0	2.0271768392201395	0	2.016487339118109	0	2.1580862670462984	4.296107036284345	0	0.6023338474699446	2.291499963287558	0	0	0	0.03	0.15308916923502444	26.75000000000001
TCGA.BH.A0E0	0.34869040034225557	0	0	0.34961664134068676	0	1.3781153328404598	0	0.3498671627291977	1.0052498614552203	0	0	0.4157849050271654	0.07681640239207281	0.7732655692554263	0	1.1918005365604953	1.6135520620002808	1.039255791595716	0.3329853344610235	0	0	0	0.14	0.08579202645234331	8.875
TCGA.A7.A6VY	1.565004638999711	0	2.040886804754884	1.1672894948163395	0	3.9897375608578693	0.9151221059189791	1.9394697021286216	1.0752189548030258	0	1.6629902365829927	0	0	11.233154073629933	4.812114527804288	5.196603070578059	0	0	0.9024088291253194	0	0	0	0.03	0.15619293762625733	36.50000000000002
TCGA.A8.A09X	2.705358974354683	0	0.18389142209792605	1.825814777029254	0	8.18521052604267	0.39374162525743456	0.7719293362418416	1.5691586380074307	0	0.26237382319927527	0.29752593422491685	0.531766288915771	0.9940178613572052	1.836642081336339	5.248012424013038	0.03929726478826259	0	1.7802590231339652	0	0	0	0.03	0.19453934898071673	26.625000000000014
TCGA.AN.A0G0	0.4871343002505169	0	0.071398978182787	0.1648845985446376	0	1.883177986421689	0.03582316868606538	0.5073478883144283	0.3351024249261991	0	0.9644090248184254	0	0	3.8655907008110946	1.1220156462745707	3.0501019676787706	0	0	0.2630133150908118	0	0	0	0.36	0.03608907003458491	12.749999999999996
TCGA.A2.A0T2	0.7693713097268001	0	0.06709578701288234	1.362297129700611	0	1.9726161074406483	0	0.9104729801027934	0.47535916265287	0	0.022533918222075535	0.18532735423498317	0.15831602944393944	1.3245339963825646	1.1534695561140236	3.362292979082234	0	0	0.1603525401016607	0	0	0.07596114978190856	0.14	0.08928351028459589	11.999999999999995
TCGA.E2.A1LI	2.6925407042801193	0	0	0.16034018100694494	0	8.013789590468244	0.2678343569281318	1.505688980760565	0.02323427412120568	0	1.6920286411934065	0	0.7161051169693927	9.73595186009117	2.6772927393257704	3.916900774313372	0	0	0	0.723292780541686	0	0	0.03	0.1564309705078495	32.12500000000001
TCGA.AR.A5QQ	4.661521420341822	0	2.9617899605396154	2.1049357356247205	0	10.777822109510664	0.4467918982986859	0	0.46993736867152364	0	1.0664803800202265	0.1254272028174708	0	6.107409589905654	2.335424810166428	8.55623203830317	0.0053149616967713776	0.5801214318185739	0	0.42579109228466716	0	0	0	0.3593404528181745	40.62499999999999
TCGA.AC.A7VC	0	0	0	0	0	0.1773603044093701	0	0.41262489532228913	0.02457165798251237	0.027845938003504517	0.019190914625878533	0.03141316100750192	0	3.4758166482976316	0.07253297139080639	2.412202272013301	0.36597375952187444	0	0.2304674774253339	0	0	0	0	0.7176578170060838	7.2500000000000036
TCGA.BH.A1FC	1.6621705562938809	0	4.461499809016762	5.47199928844733	0	11.425219445167919	1.51753362361893	2.447048454075466	1.0669933698366911	0	1.79491123770498	0	0.5476713910126537	0.1542073193582848	4.254865881725115	5.7286692942235735	0.8422103295184422	0	0	0	0	0	0.03	0.22126086978548032	41.37500000000003
TCGA.OL.A66P	0.17094078330197565	0.3122749669256526	3.303955360864148	7.265132914068942	0	4.969191457951352	0	1.3145725255514182	0.7747911000787373	0	1.4120942445558715	0.6612066691607303	0.3858036509053895	1.877175544521352	1.185320130568279	6.908432808377387	0.031443568531876825	0	1.3026642746368964	0	0	0	0.03	0.19647703110683742	31.875000000000007
TCGA.BH.A0E6	3.6964338275260804	0.603413880524825	0	2.3697927639047407	0	1.7222436911680326	1.1272502071814248	0.466848825432207	0.6890510461671745	0	0	0	0	8.54435802334349	0.7578942697550736	0.247301230646266	0	0.025412234350681375	0	0	0	0	0.02	0.2422642160228577	20.249999999999996
TCGA.A2.A0ST	6.80611551308089	2.041612496391755	0	6.078584172275589	0	22.897383382722595	0	4.373038495244722	1.1397417456922068	0	0.6115740220962795	0.2594317929166995	2.129274281376257	10.193551438833461	10.046045524515986	2.561578159483652	1.538962309319219	1.6681856476163224	1.154921018434357	0	0	0	0.03	0.18486339775202287	73.49999999999999
TCGA.A8.A08R	1.713541899090871	0	0.7534272121441299	1.4513984139768132	0	6.112710700282613	0.763488327413177	1.0882349358635293	1.2510998770905963	0	2.391421142528028	0	0	13.01088564836222	5.808631060320213	4.173972449699657	0	0	0.7311883332281244	0	0	0	0.03	0.1809806665763987	39.24999999999997
TCGA.OL.A97C	0.050469036247021905	0.08698576158053516	0	2.3832084609937496	0	1.3583586235851401	0	0.4581191131118979	0.012149057291524596	0	0	0	0	4.903769800358023	1.1376001579459456	2.4788243618364696	0	0	0.1305156270497006	0	0	0	0	0.27523544048834836	13.000000000000009
TCGA.AN.A0AT	2.5337451614426567	0	0	2.7500652127749694	0	4.929459990350905	0.9803215726613209	0.6044297309829847	0.479335507767862	0	1.4782448979774354	0	0.013380357541433107	8.571465059766313	1.9020328842619074	4.132519624472231	0	0	0	0	0	0	0.03	0.21214687844447463	28.375000000000018
TCGA.BH.A0AV	1.2099513225332788	0	0.26099077604090287	0	0	1.829374259246299	0.14193759610724987	0.28644559742179515	0.21878909092224474	0	0.5532286888363737	0	0	9.62023735614207	0.19882310694146632	1.9573220035682517	0	0.1667260881304314	0.1811741141096473	0	0	0	0	0.4035627168494644	16.62500000000001
TCGA.A2.A0CM	1.3697258796385137	0	0.20458814119642635	2.4159092209062143	0	8.102789075853863	0.30166363417948694	2.2715072053993426	0.5225007461204657	0	0.7371949416396615	0	0.6397338338219617	5.3824712278499325	3.682875233788159	2.608069776465961	0	0	0.5109710831400269	0	0	0	0.03	0.21809803211315354	28.750000000000014
TCGA.OL.A5RW	0.8096774857126479	0	0	0.12363569615132461	0	2.4197151214362647	0	1.960932582129721	0.00152878030784036	0	0	0	0.1060584819542494	2.1438628003500955	0.8664994859130974	2.3018808541820563	0	1.6590495545775492	0.23215915728515354	0	0	0	0.05	0.1398703302887436	12.625
TCGA.D8.A143	1.7205784603493417	0	1.4468552960545127	1.9354894739530906	0	5.48714647714474	0.36238234451564183	0.39498654110848386	0	0	1.230859496513738	0	0.32357493992623293	4.345496188488838	1.029023275271466	2.638306953791772	0	0.10531253274510328	0	0.1049880201370577	0	0	0.03	0.21016561532624561	21.125000000000018
TCGA.AC.A6IW	1.5885017318637011	0	0	5.560316203164292	0	3.472212086859989	0.8593939491093284	3.9134429143517835	1.6151533528999569	0	1.3375994480037234	0	3.164511027527141	0	6.1344232630085855	11.76285328083909	4.535523951719539	0	0.5560687906528545	0	0	0	0	0.31851080583148306	44.499999999999986
TCGA.D8.A27F	2.520956764325704	0	0.23436584065799737	0.21937260992755064	0	2.1651509872685564	0	0.04773549185589581	0.0539931272355961	0	0.6228451072983849	0	0	9.769252293767316	0.1477249635527023	1.0636018237809672	0	0	0	0.15500099032932932	0	0	0	0.3451804120818794	17.0
TCGA.EW.A1P4	2.1532851049138255	0	0.16580703229841995	5.189293342852768	0	5.977179996597272	2.9093192315681033	0.6698216576490705	0.014363626438076073	0	1.777063732920208	2.0985955308622266	0.8193049710557615	2.650752954978631	3.300593837463328	3.0228076377172117	1.4882049223700005	0.486791671160979	2.546919511779124	0	0	0.22989523737502202	0.03	0.20723291717762948	35.50000000000003
TCGA.A2.A0T0	1.018388168143144	0	0.039829774193177785	0.7158720722751557	0	3.973986312853021	0	0.5041038630738118	0.6032283482411251	0	1.125787703723978	0	0.04556639553184349	3.8767298656353946	1.771965792288629	3.4645111214268094	0	0	0	0.11003058261390869	0	0	0.03	0.1749881402192686	17.25
TCGA.AO.A0J6	0.24971711941584923	0	0.09447820866877565	3.3219446577928644	0	5.47080574062763	0	3.1940352858153096	1.0515376909540457	0	1.105603800572642	1.794326074063151	0.35713718369471875	2.563817409123654	4.018157117102283	2.7847053828452015	0	5.113876453867349	0.3798578754565381	0	0	0	0.01	0.25846209473275655	31.50000000000001
TCGA.A2.A04T	3.995788014798841	0	1.3833824960576324	2.9656422160675664	0	7.025857557947759	2.1003096048321175	1.6531484248487354	0.8071288645505903	0	0.8755783049242875	0	0.5338859546387984	3.0057116032732862	1.7814330851502236	5.547782338643756	0	0.5023525183393335	0.19699901592707877	0	0	0	0	0.32080391536182995	32.37500000000001
TCGA.E2.A159	2.6223983567625413	0	0.3154966755419497	4.581093057413691	0	12.24958326382641	2.273170479961489	0	0	0	1.2939625864474256	0	0.2484762339711763	6.615246266213901	5.130092533623059	7.161141837725009	0.43087427059211847	0.12100755276761932	1.7074568851536185	0	0	0	0.07	0.13651032991553974	44.75000000000001
TCGA.E2.A1B6	13.140866334596923	11.072122076749988	0	5.220450438299341	0	30.375301371905806	1.956188287674098	0	10.311008071013749	0	14.342534662418322	0	3.9947204480323775	9.846041935619853	11.949461367654097	3.7362585268520228	0	0.18004647918351763	0	0	0	0	0	0.42539067403594555	116.1250000000001
TCGA.D8.A1XK	1.8631520922759992	0	1.016922445805632	0.9930445837464966	0	4.790735061758557	1.0172504931752477	0.3444731618457842	0	0	1.5344236256407087	0	0.26498809402162227	10.72636839537485	1.8789007655879781	3.3551984239633503	0	0	0.21454285680378754	0	0	0	0.03	0.1838917646644711	28.000000000000014
TCGA.AR.A1AI	1.7815407601710642	0	0.9862692131155236	3.220435084790979	0	11.076191457348951	1.5518272482978648	0.6882405626281669	0	0	1.8717244665949997	0	1.4339357068662117	4.591553458252503	3.1666227544858474	5.069836883461586	0	0.7121699761079389	0.474652427878349	0	0	0	0.09	0.12309307817315958	36.624999999999986
TCGA.EW.A1OW	1.4034574618434164	0	0.06062752908579998	0.34833207116467224	0	2.109653137122818	0	0.8348680594417691	0.32856229320810504	0	0.5017338755896298	0	0	4.251520473547053	1.4109287942813025	2.1617565984572242	0.264531853138601	0	0.3240278531196047	0	0	0	0.03	0.18804282346291018	13.999999999999996
TCGA.C8.A26X	2.5649360259731377	0	3.100339519881089	1.6748404916718131	0	4.682109786670401	0.6730063734302711	1.9481977705404736	1.550488866092709	0	1.7244060110604116	0	0	10.391620828122981	2.3650761651000183	6.699124675317714	0	0	1.0008534861390004	0	0	0	0.03	0.2114036012530476	38.37500000000002
TCGA.A2.A04Q	5.540691833449744	0	0.11566518587322488	6.816635922437067	0	14.78138761540549	1.69071632388692	2.376555187786301	2.758327744916857	0	5.085206725729377	0	1.4367611045815187	9.08178166035748	6.360722094635903	5.523514671748559	0	0.3256491335109522	0.23138479568064246	0	0	0	0.03	0.14381720191183167	62.125000000000036
TCGA.A2.A1G6	1.8460074154742885	0	0.17743750060488597	2.2142067236507708	0	5.112430196792767	0.22868843714710715	0.7410621084568074	0	0	0	0	2.5903021941373945	0.49740404802070515	0	6.130423456296363	0.34736600583495214	1.550867621058806	2.764865942482432	0	0.42393835004271047	0	0.08	0.12651983017934515	24.62499999999999
TCGA.A2.A0SX	5.495666363596957	0	0	1.3371432361242745	0	18.3553312757892	1.318167050859523	3.754531992003206	0.29232797893864576	0	2.800473400953672	0	0	16.489708390200825	4.018463267330188	3.9860997828779308	0	0.15208726132562064	0	0	0	0	0.03	0.14502904819759835	58.00000000000004
TCGA.AN.A0XU	2.979938966085169	0	0.2736169347039472	2.271718967268888	0	2.222396570981184	0.2533174887098975	2.783685146811408	0.22717187528301777	0	2.0116541758104387	0.48941358825573167	0	5.638642144608935	3.5426471269428745	4.264099735423647	0.16803039384788998	0	0.49866688526698244	0	0	0	0.03	0.21003883172016952	27.62500000000001
TCGA.BH.A0B9	3.865517870029422	0	0	8.378295313279429	0	10.351068706923806	2.1412072961224147	4.07436522374302	3.419758711746637	0	0.15218224936809172	0	0.3447928121519338	6.8352235758715425	9.026290075031453	6.19707152177471	3.3496718287033156	0	2.2395548152542495	0	0	0	0	0.3291571995984797	60.37500000000002
TCGA.B6.A409	1.7971110283854668	0	0.0691164239827611	1.0041415875156108	0	5.122875017566489	0	0.40201341799718926	1.5183996845597016	0	0	0.4002661630781107	0.33950227967849955	2.3561975332182037	1.7968775380047084	4.444313011612981	0.0707319835409225	0.026058653405467282	0.7737395537329553	0	0	0.0036561237209280944	0.09	0.12070293896858783	20.124999999999996
TCGA.AR.A1AY	0.08925982869133091	0.05877861566718939	0	0	0	2.4505689209725974	0	0.17073591164138904	0.0067668600206101485	0	0.4836373480569212	0	0	5.84818124909633	0.15266862830058767	0.6932724825863272	0	0	0	0.04613015496671657	0	0	0.03	0.1554671870124113	10.0
TCGA.EW.A1OV	3.2961989886120033	1.0969097123608256	0	6.469328529337583	0	9.49769023808307	1.0992369345367523	1.9397798390029566	0.5518362282290921	0	0.747463681623297	0	0.2957431679187337	4.541633098158056	3.269246351456937	4.464635799743288	0	0	0.6052974309374067	0	0	0	0.03	0.2237435643028515	37.875
TCGA.S3.AA15	10.895657366866255	0	8.764803305684865	2.337583488728812	0	4.907379700487607	1.8493034916021707	0	0	0	1.9438012219061238	0	0.749670220358715	1.5132233195298292	0.9005595245346458	4.518206549512547	0	0.2308502402630083	0.8889615705254357	0	0	0	0	0.5080629818851019	39.500000000000014
TCGA.BH.A0BW	1.8449165602192876	0	0.08743014231399977	0.26313471438792063	0	9.11789518484041	0.48481655368965076	1.0478382343276358	0.3178115438153346	0	3.4635215385992772	0	1.085161415315122	2.5004421959505048	9.338612850904312	4.1394637840491475	0	0	1.9339552815873962	0	0	0	0.02	0.2539931780064892	35.625
TCGA.AR.A2LH	8.08474713133814	0	1.3703562947781793	2.9290222030808986	0	9.756196103721962	0	0	2.291440120498781	0	0	0.1905079977624563	2.5570604165710615	0.7159411704033377	1.862718663262406	3.124313995619518	0	0	2.242695902963271	0	0	0	0	0.4010632718997451	35.125000000000014
TCGA.AO.A124	2.5117252505384062	0	0.09851247476648017	1.0230079279524273	0	3.7081530782796572	0	0.7823461424539182	0.23104369890553667	0	0.8383224912240002	0	0.582533419587523	4.895979959200907	0.26152125030637774	1.746677817085454	0	2.6563119289197394	0	0.5388645607795691	0	0	0.03	0.14589941319114288	19.874999999999996
TCGA.BH.A0BG	3.451839724917922	0	0	0.5605453803429066	0	13.581661418453468	0.38849285485090773	1.295636181873837	1.1775658234295823	0	1.7322822077329854	0.1348333660281139	0.9679861259508602	2.1505159739528685	5.495322918164429	2.2803700783861243	0	2.9749540697641574	3.0579938761518113	0	0	0	0	0.27468979906562596	39.24999999999997
TCGA.C8.A26Y	2.639843185747878	0	0	0.791976528692793	0	2.6909985060733725	0.11920632489845272	1.3570464064216319	1.245794461269121	0	0.8829971504077428	0	0	8.677833010569184	0.6207230471766886	5.266492427934784	0	0.08208895080834454	0	0	0	0	0.02	0.24669648181488293	24.374999999999993
TCGA.D8.A27H	1.5574366595797775	0	0.10534505303439445	0.16267745030687988	0	2.2051944123743037	0	0.18302322388658424	0.4642761661068367	0	0.265394983912326	0	0.035761865395555544	2.6999108773471434	0.8848279412790293	4.852260161072092	0	0	0.4588912057050774	0	0	0	0.12	0.09646322797737182	13.875
TCGA.C8.A131	0.12815121765145204	0	0.08865292311800421	0.6142014052879275	0	3.8276890162576644	0	0.16704318731536272	0.23734270838254162	0	0.563113862138111	0	0.15214050704268975	6.500644613898058	0.6137491518528326	3.117132272905704	0	0.09291784987075942	0.2722212842789066	0	0	0	0.1	0.11169096668279772	16.375000000000014
TCGA.AO.A03U	0	0	0	1.4258984048105072	0	4.1925239397836025	0	0	0	0	2.9518003423517847	1.0983538054467274	2.867233552142458	0	0.19349065491521253	11.347163704646698	0.7152338586949925	0.3663906944213385	2.091911042786688	0	0	0	0.07	0.13691348259031585	27.25000000000001
TCGA.A7.A6VW	2.6610320205383666	0	1.2142494383647888	0.6938876688540268	0	1.9497857798685403	0	0.5851139777993993	0.043473743136119264	0	0	1.3129398064481173	0.24897539045488482	4.749114479741768	0.18986653629298297	0.9434121449476354	0	0.8698396929288635	2.1578706125328457	0	0	0.005438708091653873	0.01	0.2620294589103075	17.624999999999993
TCGA.E2.A1LK	0.01077699035396889	0.03005714967669008	0	0	0	0.49890715460847107	0.004158102509783065	0.021910013731022943	0.005759185736938516	0.04115088286393536	0.08951824453894038	0	0	4.402749468057965	0.05836878710656405	0.6725546097221657	0	0.3258013225902502	0.08801671785146768	0	0	0.0003	0.2	0.07141658255957833	6.249999999999999
TCGA.AO.A1KR	0.8521755228084155	0	0.26072942573646546	1.3482577778062665	0	1.3505187978714497	0	1.6887140464218307	0.15346946015863996	0	0.3970228408073984	0.41867314038319997	0.22985518630878596	0.2653605602779756	0.7620567560727257	0.701707699334957	0	1.0426833714376829	0.27877541457421007	0	0	0	0.32	0.04704013644503318	9.750000000000004
TCGA.AR.A0TS	20.608357031592337	0	0	4.23651336844569	0	16.529573081317466	1.4147099831527707	0.7446955535460473	0	0	3.9871436898943537	0	1.44220667294418	4.839464211128272	6.151545573289926	6.319027938662203	0	0.3689870729141204	0.3577758231126447	0	0	0	0	0.4894118712985934	67.00000000000001
TCGA.AQ.A54N	0.2617060351914521	0	0.18586609598121429	0.7010660870142367	0	0.6034365593100454	0	0.8049699319524046	0	0	0	0.1521878368227088	0.20930521563713148	0.17888619587070848	0.34529512579980687	1.4988104538100693	0	0.058440309093447516	0.12503015351677718	0	0	0	0.74	-0.0081	5.125000000000003
TCGA.EW.A1P7	11.722235780454124	7.995803753308191	1.6461440406363208	8.527296858004894	0	13.264842238169916	1.1459954672954107	2.770556249615211	0	0	0.8998037025332111	0	0.4714092480386491	6.852529209341145	3.7880620462186747	5.115029439949105	0	1.0508410122227738	0.49945095421244645	0	0	0	0	0.46439293815222615	65.75000000000007
TCGA.AC.A2QJ	0.09434862466719292	0.031047000301173185	0.0325222442857283	0.6098705302117496	0	0	0.2817723619811222	0.33296692832961094	0.33983739572738325	0.12844466531075774	0.4520187235382342	0	0.8747226731481205	5.563782367326035	0.18903307596398738	8.943913759695992	0	0	0.5007196495129195	0	0	0	0	0.6468782293568414	18.375000000000007
TCGA.BH.A0WA	0.44042999770294705	0	0.03057391338300479	0	0	2.523946233725563	0	1.055218941287578	0.11093470302951766	0	0.17811327702601001	0	0	10.526045466589894	1.8223652774974053	0.8980654323585425	0	0	0.41430675739954026	0	0	0	0	0.3837790155174392	18.000000000000004
TCGA.GM.A2DH	3.6984187876544086	0	0	2.9353206672935954	0	13.096161461690025	0.9981336688351785	4.47172156742888	1.1413523489371424	0	4.1897830456184755	0	2.200975743151121	6.201642069636191	4.668005247485164	3.1382176077724644	0.20432011484208748	0.7200804091156208	3.0040278747577727	0	0.5818393857819025	0	0	0.30366611376547	51.25000000000003
TCGA.E2.A1AZ	2.0961937499860714	0	0	0.5082183697695805	0	6.0092559970593245	0.7375581182296703	0.9945646872626162	0	0	0.9712838959164899	0	0.43059852301844187	0.7047944632010723	2.261394642144785	2.242905391389048	0.026333744720572982	0.35099241452548974	0.5409060027768482	0	0	0	0.02	0.23825785596101104	17.87500000000001
TCGA.A1.A0SK	0	0.21130592996709582	0.0792824216020828	0.5424154693436646	0	2.3705715812709927	0	1.5591798387875233	0.025076894572820255	0	0	0	0.3067208300678302	1.8137572410482679	0.07892620343256589	0.0015054959868196257	0	0	0.011258093920341654	0	0	0	0.56	0.008760865680263635	7.000000000000004
TCGA.A2.A0D2	1.6731807418217552	0	0.1806384447702127	1.6216232918192137	0	5.640982610145869	0.7368187856740713	0	0	0	1.8468174125911763	0	0.8237756965363032	6.195949019588067	1.980929814863277	2.6652247735137036	0	0.16913127711577908	0.3399281315605754	0	0	0	0.03	0.17975296743560992	23.875000000000004
TCGA.OL.A6VO	0.43069910992184984	0	0	0.24538742146655967	0	1.9612585287579891	0	1.2589355474363613	0.8162625761136701	0	0	0.27281336064885525	0	11.253647596287568	1.094423528189282	1.295796121136074	0	0.10362459663677479	0.2624604488274436	0	0.004691164577579604	0	0.03	0.1835700294927365	19.000000000000007
TCGA.OL.A5D7	3.6627873598896197	0	0	3.96966703038934	0	5.33401127182589	1.1605197648152012	1.9708199046636672	1.5346146520558162	0	1.7402861264081946	0	0.490229714353529	1.352137800674235	2.6651074693830523	2.5329011349871906	0	0.21191777055427774	0	0	0	0	0.02	0.23209994812353146	26.625000000000014
TCGA.BH.A18G	0	0	0.00400668413027205	1.0623954447187427	0	1.7237903289071348	0	0	0	0	0	0.1492332646394869	0.14378248686943304	1.6309197397111124	0.005700827452738315	0.4717796625154394	0	0.022018909003884334	1.6805141428476311	0	0.10585850920412979	0	0.25	0.06214739088091305	7.000000000000004
TCGA.B6.A3ZX	23.81157648933693	5.010253350333086	0	10.643959801838257	1.0072704462962392	2.1109955488253034	0.7010851848423517	9.724474584908469	4.769193701612531	0	0	0	0	5.537743329450606	3.0793861938371396	5.63688479935668	0	0.860569413444313	0.35660715591810827	0	0	0	0	0.47618106351020456	73.25000000000001
TCGA.E2.A1L7	2.4410912188725526	0	0.36377200724801984	2.563254584384318	0	9.691340566645467	0.04377152210249067	0.11910546883967287	0	0	0.6400488218604314	0.02579373398475761	0.48832388532863275	1.9226180543751545	1.7056175767719202	4.44944049032835	0.24779900952688072	0.18935392317484803	0.35866913655651433	0	0	0	0.02	0.23348629772364352	25.25000000000001
TCGA.BH.A1F6	2.1318286047919086	0	0.2618702552054019	1.3879569758359258	0	4.349939748733451	0	0.810704599841102	0.07746121874129802	0	0.8037773906507543	0	0.45609917378074954	6.572390228042749	2.89510179674498	5.002870007631701	0	0	0	0	0	0	0.02	0.22598089765565943	24.75000000000002
TCGA.AR.A1AR	0.9196349349074069	0.3791381232684081	0	0	0	12.184605201190058	1.541087913011283	0	0.34290793041873807	0	2.3751336928214544	0	2.8569647471609754	19.014803252040455	3.457419321279432	4.786049864937515	0	0.49195465873923383	1.275300360225021	0	0	0	0	0.41664186037921186	49.62499999999998
TCGA.A7.A4SD	1.7569914654632486	0	0.45429902343547096	1.1118818965635675	0	5.054441133169842	0.2888565888697434	1.0632616310521001	0	0	1.7923831795891225	0	0.06749746266265559	4.015016723006213	3.596505508912188	0.7314968965143591	0	1.0534593096112466	0.6389091811502533	0	0	0	0.03	0.15172205705802316	21.62500000000001
TCGA.E2.A14X	7.35735414938551	6.121597832454727	0	0.026662506949353744	0	11.97159566704277	4.114098206745798	1.3436427501897699	0.16801362397529257	0	6.074536257430502	0	0.5169334637653686	5.823973969190028	6.785755313505384	3.613196567012251	0	0	0.9610975987695888	0	0.7465420935836657	0	0	0.27783908572946964	55.62500000000001
TCGA.D8.A1JF	3.352897722967569	0	2.334604434850724	1.3380508095947168	0	4.224238286226889	0.42267242811367733	0.38291322456996535	0.1388480052196127	0	0.9935986558373046	0	0.23498168626685037	2.630536333423854	0.7506816669483447	4.506883886293782	0	0.31990361489033836	0.9941892447963613	0	0	0	0	0.3493352494453788	22.62499999999999
TCGA.EW.A1PH	2.743238174038167	0	0.3785105541465704	2.239566849176833	0	5.979948004007369	0.39140640189038783	1.2555162081919709	0	0	0.8806516786770375	0	0.12204621698628283	2.8198368716775692	2.015965160734401	2.538596826319528	0	1.2474124043849522	0	0.01230464976892108	0	0	0.07	0.1374182326827855	22.62499999999999
TCGA.A7.A0CE	1.1722502160487902	0	0.2301994249655428	2.475706147825454	0	1.674326324387686	0	1.0604285957387851	0.13660873786294067	0	0	0.5004187955585743	0	4.8775564183763045	2.3428595333176916	0	0	0	0.8464653591050161	0	0	0.05818044681322542	0.04	0.14250248088509843	15.37500000000001
TCGA.LL.A441	27.251268044613234	3.0941067674678586	0	0.2633079246978209	0	11.922645932299885	0.9899569871159325	0.7937998005966563	0.9478890691020885	0	6.554780244479959	0	0	17.112604083673883	3.7618441624853505	2.0577969834673406	0	0	0	0	0	0	0	0.6407920210932068	74.75000000000001
TCGA.D8.A27M	11.024582311436056	1.2505896739251539	0.927145081861809	2.9576517717367428	0	13.439752827301195	0.8066357692855203	2.5868889999128837	0	0	3.183523064132778	0	1.5147317064745125	3.819021843616299	8.40757735320114	9.701416119714072	0.14078345630374722	0.35799748779586854	1.6317025333022457	0	0	0	0	0.39778688125819556	61.75000000000002
TCGA.AN.A0AR	0.7245885438283838	0	0	0.2099543081196325	0	1.8541948525571177	0	0.36626264034243927	0.6035581891167877	0	0.03224187810099814	0.2666322633775037	0.12343499883073052	1.5687297856639617	0.4220843191997835	3.411881580689146	0.7477020756554837	0	0.0437345645180302	0	0	0	0.76	-0.0097	10.374999999999998
TCGA.AN.A0AL	4.126745393238575	0	1.1815431509004186	0.574564532861555	0	8.717377911885212	0.30676663005406457	0.26635830410759986	0.0003	0	1.4800632478727032	0	0	4.381643663792993	1.1469388476793694	4.517155826097815	0	2.008187972081931	0.5423101466320226	0	0	0	0.02	0.24561833576605	29.25
TCGA.LL.A5YO	7.75848829226087	0	0	5.521254717258388	0	10.298231368264902	0.44797177000907484	1.4343088224428986	5.360889077176044	0	0.6668321812662249	0	0.23291327630406874	8.664237664570953	5.568168261175416	3.753655773751008	0	0	1.4180487955201417	0	0	0	0.02	0.23699768567076465	51.124999999999986
TCGA.D8.A142	1.58943559254376	0	1.766144896301342	0.5715594360667329	0	7.228633577310115	0.08161592392536085	0.7746577625898067	0.17762477726619358	0	1.7027920726531496	0	0.4042724108127342	9.866348194133812	2.3555389978863124	5.634202103631194	0	0	1.5971742548795163	0	0	0	0.03	0.14821274097253298	33.75000000000003
TCGA.D8.A147	4.293257164729814	0	0.26457836454500877	1.0911825659916767	0	8.4583566013468	0.07813320415389703	0.05197441939577997	0	0	1.0318233929846272	0	0.66781842071671	6.164888158461179	1.9303435004526097	3.0267591124835684	0	0.6219639244101594	0.44392117032816525	0	0	0	0.03	0.19203025302438578	28.124999999999996
TCGA.A8.A07C	3.093050509289697	0	0	1.0129191589981885	0	10.252341885126999	1.317418727860065	1.0279694877865042	0	0	2.3956786576554214	0	0	5.571437398148832	2.6959118464568568	7.64771344936161	0	0.17363836881465597	0.4369205105011713	0	0	0	0.04	0.14188498459496474	35.625
TCGA.C8.A27B	1.8551846431431993	0	0.3695400086875023	1.505629995145598	0	7.798092470790676	1.4050496438843785	1.8009328613995756	0.8245060548638282	0	2.370278245571179	0	0.5131276288381863	16.188753161007067	7.579296207821776	3.05858393084289	0.03753831755030055	0	1.193486830453888	0	0	0	0	0.3299731267490802	46.50000000000004
TCGA.D8.A13Z	3.4492480984025606	0	0	1.1475870476309449	0	5.985188986140489	0.5486564196369296	1.1682967413343335	0.7394239348459625	0	1.9201221606852787	0	0	13.853793842212454	1.6076517688097305	7.2873286091803084	0	2.065728234903145	0.7269741562178481	0	0	0	0	0.33906497076158815	40.499999999999986
TCGA.A2.A3XX	3.1628671529398065	0	0	1.7736590746226588	0	3.7978208242392015	0.2678433130684507	0.9793996085235803	0.21422918456494758	0	2.0033127917359455	0	0	9.488624138697178	2.306047471660518	4.926682484700722	0	0	0.8295139552469841	0	0	0	0.03	0.16061000271565676	29.749999999999993
TCGA.AO.A129	6.525238724897826	0	1.5264034785750455	2.9902647910144005	0	8.284915840208779	0.8290647049098263	2.7996811974540017	0.5431176051700723	0	3.096667303131235	0	0.7065323652157586	4.085918809365444	4.0679001542062565	2.9012339129223292	0	0.2680611129290098	0	0	0	0	0	0.3145390220535572	38.624999999999986
TCGA.C8.A1HJ	2.902412902296515	0	0.010091239550305766	1.161153672186685	0	5.4438383020183405	0.7127158580365489	1.3866887190374624	0	0	1.35070983252054	0	0.14082471352535703	1.316492106369978	1.784745518639743	2.0004519305995303	0	1.53987520521899	0	0	0	0	0.04	0.1420468215447747	19.749999999999996
TCGA.AO.A128	0.7983257782642834	0	0	10.635106020065473	0	10.417915808940737	5.084231637009197	5.36244481421935	2.4843424778301015	0	7.9577059481368675	0	0.5118846439697937	3.9530839654511243	18.632871733780764	10.795312695683343	0	0	3.8667744766489367	0	0	0	0	0.4745724372579474	80.49999999999997
TCGA.EW.A1PB	1.5133821623095742	0	0.03165077202327185	4.238812480910401	0	5.9295309994155785	0.14271531108535965	2.7286874863185644	0.8706584681246218	0	2.743853978421035	0	0.33697095226858603	1.9208900304677656	17.039019102055807	8.522752778239342	0	0	3.356075478360073	0	0	0	0	0.45158946511200826	49.37499999999998
TCGA.AO.A0J2	1.310359906046741	0	0.469011104036579	0.8997701200076497	0	7.838136050859223	0.046487185498756044	1.693008513637656	0.3019978152185518	0	1.4431321204789511	2.140712374577637	0.5237127372805899	2.0009821338320655	2.4796522427250993	3.4594634548827337	0.06574734604504233	0.11791001233465019	1.0849168825380748	0	0	0	0.03	0.1726634738610978	25.875
TCGA.E2.A158	0.771093975863222	0	0.45787589111888394	0.3845944587949338	0	1.188763827985602	0	1.1511814546161077	0	0	0.36425665107726474	0	0.25251526702219274	1.42236403519113	1.3596771139874493	1.20204981210897	0.17056315662084648	0.23949598328245977	0.16056837233094104	0	0	0	0.3	0.05444686670326684	9.125000000000004
TCGA.B6.A400	0.5909604440233271	0	0	0.05362837620377666	0	3.1740971774527247	0	1.8773559133163003	3.0337237915319246	0	0	1.2197620413316552	0	15.771994234201395	0.2855106442221415	3.9439651882348747	0.8157293016916501	6.199189406854164	0.6590834809360626	0	0	0	0	0.4519073588474009	37.625
TCGA.A2.A3XT	1.4290981105736371	0	0.14162596348348314	0.9027519496010862	0	3.777260496842254	0.43103728410796777	0.1771590362393519	0.9911014055805655	0	0.6792934192852859	0	0.10136147692627753	19.078282310230833	1.937739200409102	4.130171325194675	0	0	0.8481180215254761	0	0	0	0	0.39892204247419527	34.62499999999999
TCGA.E2.A574	0.023821897291515334	0.02632198440413391	0	0.7084117300053625	0	0.542532213080544	0	0.09204944865425684	0.10001555802321507	0	0.0306290422346782	0	0	1.9791234525109407	0	0.6043539417749401	0	0	0	0.017697360964729868	0	0	0.3	0.05414465744360552	4.125
TCGA.E2.A1LG	0.7774354518427907	0	0.7831475171585296	0.8023693728384858	0	2.2018647890495346	0	1.9196822788966545	0	0	0.15952812973291428	0.08071991109176097	0.006695182234689078	2.2042985550716474	3.115963921961721	2.45719164194425	0.2340118998306838	0.3250959105089711	0.6819954378373669	0	0	0	0.09	0.12348530300420339	15.75
TCGA.A2.A0YM	0.3723141977504616	0	0.020669557532956174	0	0	5.40279278417564	0	0.47066462040219137	0	0	0.8517687527662741	0	0.12982413106868942	15.110040203357533	1.541314642844985	0.6615510615678732	0	4.097723500353539	0	0.3413365481798536	0	0	0	0.3728657458970279	28.999999999999996
TCGA.OL.A66I	0.8839942024672912	0	0	9.51757443080269	0	13.929073955439115	2.859592053284147	0.09074917240101507	2.4674660064023155	0	1.0628721511470702	0.02507177990708217	0.5488072662243468	5.721900733753613	7.303792109191797	3.12765199829006	2.6743768711332936	0.11428420881214423	2.6727930607440413	0	0	0	0	0.4281160593358336	53.00000000000002
TCGA.A8.A07O	0.7619728020148602	0	0.08471519225254237	0.908064666156407	0	3.260714708784377	0	0	0.0611820330049037	0	0.456194439111365	0	0.14892654624967733	13.60950806426764	0.4520506733101911	1.130495800629381	0	0.10195961478861054	0	0.149215459430063	0	0	0	0.40035515973978547	21.125000000000018
TCGA.GI.A2C9	0.16676571762375708	0.16078854757069022	0	0.0687967416007023	0	2.845813271105462	0	1.067271562339474	0.3844697711632801	0	0	0.2060065957504894	0.26507175037833053	4.057274660821875	1.278651300753235	8.088207166683773	0.89190620050298	1.2324884515828776	1.4114882621230778	0	0	0	0.03	0.18286130909106416	22.125000000000004
TCGA.EW.A6SB	0.10611534565392447	0.9776401410363305	5.44918454822665	1.9327834473580563	0	4.362886400212071	0.30326078578952465	2.9191820177338523	2.0300590120531514	0	0	0.8547152644063335	0.044125662780465355	2.2921924597701735	1.7155115408556465	2.623234973879576	1.2281508663701963	0.016219720292380647	0.2697378135816674	0	0	0	0	0.39521525622990933	27.125
TCGA.B6.A402	0.015103420454433926	0.15381650374649736	0	0	0	1.356473805014333	0	0.7086366308643984	0.17863156716915482	0	0.9376179079928392	0	0	5.549434154082038	0.07557951596584438	0.12938925791744516	0	0	0.1453172367930207	0	0	0	0.02	0.232050162382586	9.250000000000005
TCGA.A1.A0SP	2.2578337807099036	0	0.47426847727939664	0.9693952910698207	0	4.497961694338419	0	0.6466013934504192	0.1556492183329232	0	0	0.8767107428732634	0.7399621682962225	7.775675972711142	1.6212448088098366	4.178899658933719	1.3856203298946979	0.1876281717442843	0.6075482915559524	0	0	0	0.03	0.19088830381925492	26.375
TCGA.AQ.A04J	17.966067540101136	0	0	1.4152059518608122	0	17.694184719946318	0.7838384897726679	0	0	0	3.0461264913942623	0	1.5201132709372753	5.458057514795767	2.597212837737473	3.414111390229042	0	1.4908749958456766	0.23920679737958975	0	0	0	0	0.4491299664685031	55.62500000000002
TCGA.E2.A150	0.4688621137562956	0	0	0	0	3.591821497167507	0.1090271172249856	1.4475707512992038	0.7672609700710384	0	1.0348367498016562	0	0	7.335207828054646	1.818849362247433	2.086564394466158	0	0	0.21499921591108714	0	0	0	0.02	0.25438667496900413	18.87500000000001
TCGA.A1.A0SO	1.1527162852643942	0	0.3110628809912878	0.10387817254472606	0	2.7760499779653585	0.10647236408826831	0.352526359917082	0	0	0.3904930856592209	0	0	2.008746418234025	0.8950902613985262	1.6936412805691567	0	0.45932291336795406	0	0	0	0	0.03	0.14830211746981425	10.25
TCGA.HN.A2NL	1.8578709554730688	0	0	4.151089895574274	0	1.9665374444490438	0.297645755780538	2.068418166037728	1.411576208013382	0	0	0.007110771887313408	0	5.8581846600056435	2.0874248415539296	3.507240422939466	0	0.06909516108061753	0.7178057172050056	0	0	0	0.03	0.16052698688093378	24.00000000000001
TCGA.A7.A4SE	0.7373226591113111	0	0	0	0	2.082981597600716	0	0.28688610130684766	0.21644852489030025	0	0.7924566422253958	0	0	5.615587661457904	1.5097655389072238	0.9363005595138959	0	0	0.07225071498640721	0	0	0	0	0.2943889145481769	12.250000000000002
TCGA.A7.A6VV	1.6608404987002037	0	0.23648130135980502	0.007483627949978259	0	2.0547353617922317	0	1.0008479809084831	0.8387019224915392	0	0.34967794025353544	0	0	12.433591173074074	1.4981011612863178	2.8277930232408766	0	0	0.5917460089429621	0	0	0	0	0.3375158488660062	23.500000000000007
TCGA.A7.A5ZV	0.2144939473968185	0	0.01899216495960542	0.24088073207469196	0	0.29774778063390234	0	0.1841718578891129	0.05513017633601465	0	0	0.21728403052347955	0.04878968615423235	2.190680159239274	0.06931793164846743	2.4774603454729944	0.05053940426910624	0.6427013936255228	0.38795029169681544	0	0	0.028860098079963044	0.03	0.15856382032674185	7.125000000000001
TCGA.AR.A1AQ	2.122700648332536	0	1.553238431085877	3.1577629908623037	0	6.661609893522107	1.7503249184227594	2.2663172027789673	0.569228215766335	0	1.9535790989175061	0	0.30941330761223274	4.7459776407362355	2.856756472236666	3.8120728938361665	0.1669371155599637	0.0956557030546502	0.22842546727572144	0	0	0	0.03	0.17514367469721248	32.25000000000003
TCGA.D8.A1XQ	1.4868246501086253	0	1.2993482449044644	1.863385625775539	0	8.506713319598155	0.5997352055467751	1.2155850540923008	0.40517041942017856	0	1.5640882997003336	0	0.06203055300373207	8.699836110462607	5.800352137570582	9.815892698305424	0	0	0.2541433696906874	0	0	0.05189431182059227	0.1	0.11473360756111257	41.625
TCGA.A2.A3XY	3.25458710504283	0	0	0	0	9.744904979743222	0	3.406796850708832	0.6877146991384754	0	2.8770312033584298	0	0	17.21754627192735	7.000601147764913	4.927738535486242	0	0	0.883079206829698	0	0	0	0	0.41514738363698866	49.99999999999999
TCGA.BH.A0RX	4.201019396972816	0	0.08394414064142526	4.923270938716596	0	8.338432090401742	4.07559484173246	1.195593416446219	0.3313629247536053	0	1.284386023971438	0.5433196368294947	0.7614786706810398	6.605073192655759	5.623338966777376	3.7380791374235294	0	0.7148769528619597	2.705229669134553	0	0	0	0.03	0.14641520729867336	45.125000000000014
TCGA.E2.A573	2.5679461259728873	0	0.19389045384126244	3.605574383988051	0	6.7736712493479505	0.34969902821628823	4.181760950124171	0.5342807514588178	0	2.2425141000187754	0	0.13720355170244203	10.050505666679049	2.7155749524333066	3.7649790481249745	0	2.5944872287007597	0.4129125093912438	0	0	0	0.07	0.13196637784931248	40.12499999999998
TCGA.D8.A1JL	3.216866771199348	0	0.36405282279742635	2.9573959396833196	0	14.226993571189766	0.6005236502182263	3.362204452727291	0.03858346689398558	0	1.7319618632634728	0	0.30525761989293737	19.578324005582726	8.274888099432498	4.230595710375455	0	0.27739994812782115	1.3349520786156828	0	0	0	0	0.3745487241856375	60.49999999999996
TCGA.BH.A18V	0.23797465386345323	0.43342361572872334	0	0	0	5.50522626625973	0.1362415972544589	0.9088388196000635	0.1403661549971586	0.4489546648480792	1.275428958676544	0	0	13.042645122503039	2.522161567370768	4.280352703502807	0	0.09542846776435109	0	0.34795740763083927	0	0	0.01	0.2578519805426146	29.375000000000014
TCGA.A2.A04P	3.9271792167720836	0.3076726067339597	0	1.1427592824567192	0	8.319990076324336	0	2.058234374497249	0.41343846907536047	0	0.9428713204640544	0	0.4050750382644826	0	3.159997021029956	4.166963858042914	0	2.0528112084983854	0.35300752784051015	0	0	0	0.03	0.20123854370514227	27.25000000000001
TCGA.GM.A2DD	2.2645786999175104	0	0	3.828671925619271	0	15.502682415754677	1.3521850685902312	0	0	0	1.593985023591471	0	0.6943689479151031	3.0591685077887893	4.309347088264268	5.509598244143583	0.466960058615907	1.1382962240849257	1.0301577957142896	0	0	0	0.03	0.2057019495323927	40.75000000000003
TCGA.AO.A0J4	12.051587652302818	0	2.2896584110012936	3.1389237663486242	0	13.041438731468556	0.9576502825358533	3.1864737163504175	0.8691598171413716	0	3.4011783467647736	0	0.0700755265482158	7.720312604569179	6.911303534309997	4.051106562641484	0	0.5603491750641986	0.2507818729532747	0	0	0	0	0.3780698402007799	58.50000000000006
TCGA.A2.A0YE	1.7440883186566583	0	0.7507862874622742	0	0	3.18705074818122	0	0.40490639969635106	0.29517053296366846	0	0.4228207835014031	0.12673564920199418	0.17180354166055747	2.0165250573117577	1.1278893602310216	2.4221165345816926	0	1.4922451102159942	0.33786167633541264	0	0	0	0.03	0.18458460875809493	14.500000000000005
TCGA.E2.A1LS	0.6266530598323794	0	0	0.5977354337459493	0	1.271028441651511	0	0.40421270178768226	0	0	0	0	0.2797115865317101	0	0.6776775821877311	1.2555959673558836	0	0.6636168400376051	0.45068618579131875	0	0.02308220107822937	0	0.57	0.007221852078475679	6.25
TCGA.E2.A1LH	2.0287904244621493	0	0	2.7217625138598156	0	4.893404593829277	0	0.7299987888506695	1.4568937919584304	0	0.5840840759171474	0	0.19975088732059995	3.662636440100665	3.4298449495798846	2.6415742188638904	0	0	0.6512593152574708	0	0	0	0.08	0.12565513285374996	23.0
TCGA.EW.A3U0	8.78610954329118	0	0	8.161525618433341	0	14.082506407076885	3.0571807685960435	3.771252450004166	0.5507532698830867	0	5.133291117509317	0	2.0818855266095384	7.110004873210163	7.222369244278425	8.314327571274704	0.5446158095509579	0.3854734450548706	0.7987043552273647	0	0	0	0.03	0.1848794203443203	70.00000000000004
TCGA.AR.A2LR	1.7133030086128112	0	0	1.2070221369840841	0	1.6191815741915807	0	0.259748561494525	0	0	0.039906761584469534	0	1.3979422834817494	1.2642586406208778	0.8085003599458597	5.068817116765107	0	0.5217942292817956	0.9117061765036119	0	0.06281915053352431	0	0.43	0.027208634918493752	14.874999999999996
TCGA.AC.A2QH	0	0.020485202367716338	0	0	0	0.7294492105800197	0	0.09144234718524916	0	0	0.05414645648014813	0.07581672693834246	0	1.2044897567222523	0	0.0763997754154163	0	0	0	0.11239065026479973	0.010379874046056756	0	0.52	0.011266714054734362	2.375000000000001
TCGA.A7.A26F	4.0417172950724884	0	0.83949468336331	1.7617237343704035	0	8.736939372650248	0	0	0	0	2.1967821698116428	0	0.7819343615174192	1.3152067508097554	1.021151458082694	5.711641799141383	0	2.7005862613793736	0	0.20749829678420637	0	0.4353238170170687	0.03	0.14550457524317337	29.749999999999993
TCGA.EW.A1P8	0.19501505276542655	0	0.00849165994509401	0.8734830068286564	0	4.378181926160733	0	0.9240902764107843	0.7852334183451202	0	0.37585702087112066	0	2.5113839837373857	2.2781673008200523	1.3552427384574623	8.268513655070192	2.6080789879607345	0	0	0.1882609726272619	0	0	0.03	0.1857514796209342	24.750000000000025
TCGA.A2.A3XU	0.6044737535741538	0	0.2727901363399188	0.35416506691929583	0	0.07301388443913621	0	0.4567686016362392	0.2167374988064501	0	0	0.08000714343265895	0	1.407446371286413	0.011643002341226076	1.5191666811987519	0	0.0037878600257571318	0	0	0	0	0.2	0.07201190072167925	5.000000000000001
TCGA.AN.A04D	0.23055852765584714	0	0.008683581690375511	0.9223614637294598	0	1.2485530359241146	0	0.9442496393139382	0	0	0	0.20756832661092556	0.3853061478415391	0.23894122735061377	0.12469948331936422	2.0972114621903613	0	0.42509623855893797	0.49305425841056205	0	0.17371660740396422	0	0.96	-0.0333	7.5000000000000036
TCGA.E2.A14N	1.2835079748356206	0	0	0.4568638390024751	0	6.088748920675682	0.6334448291855449	0.986017124387444	0	0	0.568076125229338	0	0.15619279549439014	1.4508653706262842	3.0915394426591796	1.4810778730200849	0	0.29410619823749795	0.009559506646465736	0	0	0	0.01	0.2576249121450996	16.500000000000007
TCGA.EW.A1P1	0.009429628764603916	0.00293454063811105	0	2.736012707343698	0	3.896646921013787	0	1.1867744298626977	0.028108722019450368	0	0	0.6938775415615882	1.421196019505393	7.64308715465861	1.7334436129698356	2.216152439940743	0.11651212617125553	0.3017290836328094	1.389095071917423	0	0	0	0.03	0.16286219516527975	23.375000000000007
TCGA.D8.A1JG	4.883253906964741	0	2.636813148299823	0	0	15.907295418496707	0.7651308794294116	0	0	0	1.7662944969811982	0	0.1731707955116401	4.931209989934341	6.160842852131944	9.422515334547432	0.3058267439273337	0	1.9226464337754139	0	0	0	0.03	0.2206285861619651	48.874999999999986
TCGA.C8.A12V	5.360637761940769	0	0	6.888524693721695	0	13.076577319805484	1.4383392946455513	5.026832609901797	3.574392533347725	0	3.6737028255533524	0	0.4004289989843843	9.330253449067959	10.69145967789496	6.112460784127744	0	0.3119661921000097	0.8644238589086106	0	0	0	0.03	0.16625390287815672	66.75000000000004
TCGA.AR.A0U4	0	0.16504394168638933	0.0002	0.3318598775629353	0	2.914014746635477	0.3842093922334142	0.35457875596728106	0	0	0.5643248669610211	0.004497062973977535	2.5394525542373585	22.205328254261552	5.275239844379076	1.2555037760951704	0.18992436069504623	0	0.1696259212280447	0	0	0.27124486841987766	0	0.5677368694304396	36.624999999999986
TCGA.GM.A2DI	3.437752747107113	0	0	4.582735967132166	0	5.107715750251745	1.3138445571799833	0	0	0	1.4412930284494139	0	0.6488268692526995	2.322841253570615	2.8665592383916425	3.4466750955116114	0	0.06093319018371292	1.1458223029692973	0	0	0	0	0.36853997913803843	26.375
TCGA.A7.A26G	9.653283704113843	0	3.5166088774983533	3.0010973306386477	0	9.800396543149677	0.5902879684044688	0	0.10830754922838709	0	0	0	1.1371326665260542	5.412891848484334	1.9247870402430365	4.511147930475689	0	0.11601573464168738	3.478042806595824	0	0	0	0	0.39068338819118714	43.25
TCGA.BH.A0B3	0.5563448073154924	0.01711376035853309	1.4800022932156451	1.8711185465976214	0	4.445040501305435	0	1.4513848840178463	1.5041353735956147	0	1.4458445762028915	0	0.20907391457919572	3.042589074475238	5.308645727155814	5.000074183348799	0	0	0.5436323578318597	0	0	0	0.09	0.12160685880024213	26.874999999999986
TCGA.S3.AA10	2.742602793362265	0	0.15441482030669954	4.751414206641397	0	6.8117870480531355	1.551359000366379	5.770762118490274	1.4701640962999425	0	1.877287031852926	0	0.19270258147037111	6.316769674931721	8.865212538983323	4.043489001641738	0	0.06674188025257648	0.8852932073472483	0	0	0	0.03	0.20900446417365387	45.5
