Input Sample	B cells naive	B cells memory	Plasma cells	T cells CD8	T cells CD4 naive	T cells CD4 memory resting	T cells CD4 memory activated	T cells follicular helper	T cells regulatory (Tregs)	T cells gamma delta	NK cells resting	NK cells activated	Monocytes	Macrophages M0	Macrophages M1	Macrophages M2	Dendritic cells resting	Dendritic cells activated	Mast cells resting	Mast cells activated	Eosinophils	Neutrophils	P-value	Pearson Correlation	Absolute score
MB.0316	0.027220854316227467	0	0.2445785431303789	0.1403815787656971	0	0	0.008469502943591459	0.13978783940845035	0.01165417240606499	0.07915970496107975	0	0.11809386485581465	0.0056323433602085676	0.2821512749699184	0.26954972686493905	0.09447103734869376	0	0	0.06582861135331086	0	0	0	0	0.5307396177158504	1.4869790546843753
MB.0658	0.06372789750535282	0	0	0.17443660237920156	0	0.005604941831201925	0.013094343415768825	0.07488816347054641	0.006498578431629594	0.1393874143487521	0	0.08681449675403578	0.042313894014214794	0.27759162985147945	0.2873980309938897	0.15896910222945942	0.016837865936701814	0	0.10722860166937402	0	0	0	0	0.4786637926115578	1.4547915628316082
MB.0420	0.023220767275995514	0	0	0.007123707800020315	0	0.0777724824258041	0	0.03643225584216063	0.030872229659727787	0.016896955481997898	0	0.006361616514746732	0.04186705465369139	0.29270836248927684	0.07216889776828216	0.47075534122845886	0	0	0	0.04442079931415903	0	0	0	0.4937108276913257	1.1206004704543213
MB.0157	0	0.05694233999123377	0.04153131850701832	0.24297448224145207	0	0	0.03554071742370126	0.0699164716203369	0	0.039165050046107604	0	0.15235061631751448	0.00827182087625747	0.21601093964269832	0.3028738814443653	0.23960177626916357	0	0.0036823529948003565	0.03983550124520489	0	0	0	0	0.47320845194756733	1.4486972686198543
MB.0292	0	0.012608123857089855	0.005586122609282074	0.02073509951735554	0	0.06597862423514443	0	0.043103221635446894	0.0009	0.011490941990004819	0.0033414417072809553	0	0	0.400379122241794	0.053599039898287765	0.35697699989673926	0.030065521372403436	0	0.013237615224441527	0.07886737357241524	0	0	0.006	0.3182181337611095	1.0968235854243829
MB.0401	0.008140800094974135	0	0.005993519936736033	0.0427475437577964	0	0.11305420959272586	0	0.07187662528928548	0	0.017888626558233003	0	0.07286553312284924	0.035593820926313524	0.2527541793389622	0.0977723742681445	0.34770795109624236	0.002163150371445978	0	0.09002861105083937	0	0	0	0.006	0.31146865893766484	1.158586945404548
MB.0372	0.0012818803485653495	0	0	0.1772950381373318	0	0.013238492557127505	0	0.11354988561141378	0.044275872870090355	0.056717835119894824	0	0.17960817398104656	0	0.017476329282028254	0.05645723916120435	0.3194571372690945	0.12218481922373461	0.03368680535896314	0.05925417276259048	0	0	0.005505074852095337	0.029	0.19896611315432935	1.1999887565351808
MB.0164	0.009815723313185226	0	0.007961358180924954	0.003648099858193814	0.011693159932414899	0.024387865776670577	0	0.03544392453905517	0.006468731168089109	0.03257147082400017	0	0.022264391112419523	0.07324358458061209	0.5445642027063758	0.024069057691499765	0.3063668823693337	0	0.01103767671342297	0	0.14979074646056156	0	0	0	0.4888531793492137	1.2633268752267595
MB.0516	0	0	0.003472898458128434	0.03109774380826356	0	0.059139156980581954	0.009385867542639778	0.066368299057983	0.002076327294666107	0	0	0.07672210402391118	0.09382342885280198	0.12465047950206919	0.1244823694944904	0.31441601687755305	0.011874314507076246	0.10198749784784204	0	0.07578764185739076	0	0.008628978724688211	0.006	0.31394230142604757	1.103913124830086
MB.0494	0	0	0.07819423228170423	0.09393117638160732	0	0.03802778904885387	0.030804064293155062	0.010241303861838611	0	0	0	0.057520491441026604	0.050617107807661245	0.4274794078367299	0.16054924826498623	0.40831909586115284	0	0	0.023028201756013555	0	0	0	0.001	0.44933440871441926	1.3787121188347295
MB.0400	0	0.008706469904895856	0	0.009230331553295208	0	0.08670860388421031	0.01179819110416309	0.049112896879172	0	0.07156994709002368	0	0.015986509715333906	0.014267731261248298	0.3018717233285296	0.14355719564634176	0.33149164198902836	0.013548123934474302	0	0	0.08123660380842264	0	0	0.003	0.367424818446409	1.139085970099139
MB.0581	0.06892730529304153	0	0.16685675051417548	0.02770569295279342	0	0.07096262628986047	0	0.09735295361028957	0.005266231632871582	0	0	0.06779388923180325	0	0.2113472890936023	0.052311608815732734	0.11156796368012485	0	0.028104800318083288	0	0.11597818141700286	0	0.011814919643533258	0.053	0.15784293507196767	1.0359902124929146
MB.0664	0	0.02041945661198454	0	0.0418057974328944	0	0.07101291969306865	0	0.11730083991848328	0	0.0036232792278421597	0	0.05685283784580687	0	0.4148580347730784	0.07748459107285943	0.20691346013644382	0	0.05295533933384316	0	0.07659173902836021	0	0	0.009	0.28276605481736733	1.139818295074665
MB.0446	0	0.0001	0.02863463470169739	0.004587666170159619	0	0.0788654580799131	0	0.05373027121399168	0	0.020917314142186384	0	0.08396116312942181	0.24747097597736747	0.27020778754014824	0.20070847907772532	0.17430343528663575	0	0	0.03950391084430969	0	0	0	0.002	0.40475144033281807	1.2029449382390531
MB.0115	0.029169060051173333	0	0.03624332147129655	0	0	0.05464057424081617	0.020541579815483064	0.12126403146822021	0	0.12490783946499293	0	0.07914253714630498	0	0.33766047987593995	0.2894448281020241	0.017606520156524266	0	0	0.09401448171083224	0	0	0	0.001	0.4215268737299043	1.2046352535036078
MB.0354	0.05779114972363625	0	0.025764268517359544	0.17672890841875638	0	0	0.11763286914898446	0.17219029587408358	0	0.2985822307833979	0	0.09612296719252954	0.011788005326067276	0.17772109127584154	0.20417944562952983	0.17559346619664937	0.00792620708063258	0	0.26888891346494986	0	0	0	0	0.5523622560684843	1.7909098186324182
MB.0481	0.005426872377473244	0	0	0.15798609331450097	0	0.030122743319870658	0	0.17388953185318431	0.010798403917697258	0.10316435858404512	0	0.11701023971591733	0.015120882781983248	0.11526996133405776	0.17816338101901227	0.2273626916051094	0.05861448935105552	0	0	0.022331905027484826	0	0	0.009	0.2814266767043304	1.215261554201392
MB.0238	0.04442086377273734	0	0.11398880751672522	0.053380711660714605	0.05770832256149656	0	0.013480391050748221	0.17832932893560502	0.007016868644211905	0.10962066828704697	0.0018876091508760557	0.030690707370124266	0.08174052751326424	0.15521444693165115	0.29614348071694885	0.1914315569388964	0.006324297966627677	0	0.13038978626015757	0	0	0	0.001	0.43468255207372786	1.471768375277832
MB.0525	0	0	0.029757755050150318	0	0	0.07598569460942595	0	0.10446909049039933	0	0	0.016694874580457434	0.018793489362904946	0	0.3474102746851467	0.03783395660389682	0.2275437650705175	0.006568958579569542	0	0.15434616517035302	0.06650048654738683	0	0	0.036	0.1799297219438259	1.0859045107502083
MB.0869	0.021112184511782695	0	0	0.057983107196938	0	0.002922571534033065	0.09632628762122564	0.14611441423670413	0	0.08309174226517174	0	0.04079677378460166	0	0.36481048089865603	0.1843053556083335	0.13685753350555227	0.02289514269110226	0	0	0.026277356269984932	0	0.012288946900149908	0.002	0.3720886967837206	1.1957818970242358
MB.4622	0.023563225128754396	0	0.07233632785978435	0	0	0.03990440283476234	0.04748946856202668	0.053128642014232334	0.026846934774343367	0.250931355892683	0	0.08426783964653044	0.026401306794237262	0.4910088795345986	0.15538986859118864	0.07388149811658097	0	0	0.04872960383762677	0	0	0	0.008	0.2887155703329639	1.393879353587349
MB.4717	0.03755078847354037	0	0	0.05561005519527969	0	0	0	0.049679646303951344	0.06834371748238602	0	0	0.09539478839664653	0	0.3983918539792566	0.041413203073415866	0.17759260958084946	0	0	0	0.10759661837785062	0	0.0030505038709373097	0.029	0.19959462282776586	1.0346237847341138
MB.4757	0.010766269361680212	0	0.035626058671206405	0.02856052662124078	0.047838589227899006	0.09495116734547838	0	0.12780413263287554	0.011068068475595385	0.034970896106108054	0	0.08525653635554356	0.026563888080517566	0.15211814301496476	0.2375088830961495	0.24286110339213796	0.00440587564207245	0	0.08805263052912564	0	0	0	0.013	0.23784001847403272	1.2283527685525952
MB.4715	0	0	0.029724351197996327	0.09530808525587765	0	0	0.021853978431172573	0.1546073919453125	0.029905278549315115	0.041356494655639425	0	0.05616477233854682	0	0.35909697567221255	0.2207917803787555	0.1669167125038485	0.015349069379114828	0	0	0.012267810536051502	0	0	0.006	0.31115025961787296	1.2033427008438433
MB.5281	0	0	0.027565604503280664	0	0	0.07596780972249609	0	0.09075061631312116	0.0441933732060003	0	0	0.032511446940765035	0	0.46341849086631304	0.05413626063754812	0.1858986760394288	0	0	0.05000344308391401	0.008687934614563993	0	0	0.041	0.1752266530731881	1.0331336559274311
MB.5323	0.06993626342401206	0.03815897387810532	0.05390582655979093	0.34584565565344394	0.019017600605171957	0.0831688912297005	0	0.18356211050144575	0.005123210248820464	0	0	0.14589779934054758	0.05181624699186598	0.27319608705048637	0.16982122559805468	0.14568299578754587	0.007017326300901394	0	0.06485897048703766	0	0	0	0	0.5660937306066601	1.6570091836569305
MB.4911	0.04334359123830995	0	0.08286839575340009	0.07234580036766258	0	0	0	0.09502405179584211	0.012366383528420078	0	0	0.1143214096918901	0.015978765867485978	0.15749404146167922	0.13265091424265021	0.1797599679877894	0	0	0	0.25623678342012524	0	0.00520773245028454	0.042	0.17029954691905305	1.1675978378055396
MB.4888	0.06233380791383553	0	0.14013838064938217	0.07776527386911415	0	0.091613152862174	0	0.051681902291479405	0	0.012439191605639114	0.010190048290630773	0	0.012676911272681786	0.34892968441479094	0.3358437894088835	0.12763399042830642	0.01777434774258939	0	0.031832494710695186	0	0	0	0	0.5865419919327138	1.3208529754602023
MB.4945	0.006496076909780311	0	0.09335467055100027	0.0930415380705232	0.04243203265282362	0.12890614055377755	0	0.0974008694774804	0.021843307469348403	0.030458313721442185	0	0.019175395701905105	0.017778916172478093	0.3277098216636281	0.16109036806058508	0.08722937715686617	0.0053420344365110286	0	0.06279675126624612	0	0	0	0.009	0.27924647276715614	1.1950556138643957
MB.5072	0.0076319745399069175	0	0	0.04094405028509396	0	0.13652347192840864	0	0.020357216331609692	0	0.05788728637016246	0	0.056564038785863996	0	0.15785161983713072	0.06882749109115929	0.3364975568781884	0.028316395605277458	0	0.13484763043085538	0	0	0.004342414706572435	0.061	0.14629244709335967	1.0505911467902294
MB.5115	0.030445453174872707	0	0.02922618009000815	0	0.057399846592838144	0.005876167125348449	0	0.10628902001217548	0.04413224386063514	0.042914808461845505	0.05698821404800565	0	0.025710970412759885	0.34592769877453755	0.2563131313343457	0.1350603091058345	0	0	0.029394822135804275	0	0	0	0.006	0.3048433996073317	1.165678865129011
MB.4733	0.15410909553026092	0	0	0.23572096958361294	0	0.0181518739174345	0.059249342939455725	0.15603955561696076	0.013802763036365233	0	0	0.10633247994587254	0.023282192526620345	0.22359909992277177	0.2043905432406677	0.2032307993121659	0	0	0.12610988150327057	0	0	0	0	0.5388242736043862	1.524018597075459
MB.4758	0.0651912317341572	0	0.01229675029759082	0.035733237359036565	0	0.004922904113362301	0	0.08374883253506518	0.004807146212968324	0	0.023931748923088386	0	0	0.41464889853418707	0.012959397081361533	0.20306920381660615	0	0.029086746074227014	0	0.07066772452785511	0	0.006244242624710042	0.003	0.36438224878117303	0.9673080638342156
MB.4732	0	0	0.0714142712030743	0.18687622184576153	0	0	0.00892060138575655	0.10082065619145807	0.002329760112058553	0.014330718288799	0	0.12498502813044665	0.05572287008808216	0.257229739305352	0.23447854160354079	0.1348369353061062	0.01248023251576827	0.0033394747757992138	0.013751890121327671	0	0	0	0.001	0.4513810432221736	1.2215169408733308
MB.5236	0.14788854829568987	0	0.04629295857184513	0.12302090511183027	0.321461053071766	0	0	0.10708357930663709	0.02176694106650195	0	0.05364171828445885	0.026893164922367995	0.01971369946031565	0.21983478021159183	0.12111200896592621	0.11548743279646555	0	0	0.013864566402892036	0	0	0	0.007	0.2921934551785328	1.3380613564682884
MB.4993	0.013228098294553733	0	0.02369715984351344	0	0	0.04538393588617616	0	0.08127418977525307	0.027621932131459366	0.03562566286310604	0.009771452381589853	0.025370636061105224	0	0.5715506251857044	0.0875372789096487	0.1833665265299877	0	0	0.06954912739044895	0	0	0	0.01	0.27433964387165866	1.1739766252525468
MB.5232	0.005769340219332442	0	0.029443742061134478	0.14537827099874795	0	0.10067235509285326	0	0.174449309993623	0.08624161340756269	0.08439014603627161	0	0.03382187186144586	0.043993752089444685	0.2235946407167797	0.1673417902021983	0.127100145287407	0.01636239975565146	0	0.038319633862615436	0	0	0	0.006	0.31405977906768573	1.276879011585068
MB.5126	0.11619624324642638	0	0.01686601748905586	0.07333487587181815	0.1139484690211731	0.0450010227531976	0	0.06876206404090794	0.0913110195480145	0.07624604840580675	0	0.08327398069639276	0	0.2705559152946169	0.18216086461277659	0.12877309623832256	0	0	0.033716429158412525	0	0	0	0.003	0.35530691145750165	1.3001460463769217
MB.4938	0.00802494315557387	0	0.024273357694857535	0.015616220831435386	0	0.1718281612236117	0	0.04608623672320727	0.03116347254926865	0	0.00223062060623367	0.025328203683327385	0.029685473510079604	0.36260239478888084	0.06473584684630854	0.20900367165403586	0.0018588660931200289	0	0	0.12359632218829997	0	0	0.094	0.11519959062981754	1.1160337915482403
MB.5070	0	0	0.48411421289335993	0.015133488980416587	0	0.13055637574644885	0.0035335263589082013	0.08844334766001836	0	0.061707753447751486	0	0.04672363872258895	0	0.15103446654951352	0.14224057069631624	0.1921449487545049	0.007470102220501792	0	0.022030196022749762	0	0	0	0	0.48418132324044516	1.3451326280530786
MB.5138	0.0803441405080336	0	0.11084386618541647	0.08526577070413237	0.06055636227532366	0	0.04487839399491411	0.11471040820388635	0.00784490857466379	0.021087207012364696	0	0.10868902497682684	0	0.27235849404744267	0.29727286409273995	0.10390963321816027	0	0	0.12694005319241092	0	0	0	0.002	0.3998785628317975	1.4347011269863157
MB.5258	0.004877381302133971	0	0.0005	0.029245461730639393	0	0.06959128927363344	0	0.016132170142502122	0.0022239526244362913	0	0.012269293385173343	0.008412572889772176	0.010655375736841288	0.6301141993142327	0.10868745516045415	0.09790425947030708	0	0	0	0.07166201995276972	0	0	0	0.6419887982065035	1.0622905095236885
MB.5421	0.031210863446500342	0	0	0	0	0.09363737289694254	0	0.1021561600930129	0.028169542517058308	0.03977600215405529	0	0.02376239691735015	0.0015542419114750168	0.5289345184727119	0.10823154571655376	0.11657272242876841	0.016333771296116982	0.0051811002404672	0.039172653221735784	0	0	0	0.117	0.10241487527394502	1.1346928913127485
MB.5348	0.005340578200452721	0.013394247655104618	0.07833334475647974	0.0657154232313792	0.010814889239008313	0	0	0.13959815523302996	0.04850821357722106	0.10226377637633273	0	0.16855338946755627	0	0.29655420810476674	0.2857997062832093	0.09424650363322473	0	0	0.04265856874066255	0	0	0	0.001	0.45805047156051537	1.351781004498428
MB.5100	0.02175187189671799	0.01104533100323371	0	0.13693230041931465	0.13688663847713214	0.10244192260234813	0.04566791733009786	0.14539421904409533	0.0019621810252448413	0	0	0.12345570517329849	0.021345429662151208	0.1515890339239271	0.3733975358154751	0.10663527977689836	0	0	0.14110494305749702	0	0	0	0	0.6028855662284158	1.519610309207432
MB.5446	0.007138092336791622	0	0.025388807379234657	0	0	0.16085718476959926	0	0.0567015621882519	0.06527777458271487	0	0	0.05844828137617653	0	0.36503086171275795	0.11396107056913823	0.17783986237720747	0	0	0.04271273386447747	0.019059083767814063	0	0	0.023	0.21671379197887328	1.092415314924164
MB.5427	0.15054413293394914	0	0.016503026284134265	0.16229040535523537	0	0	0	0.126020385534165	0.012199465142996382	0	0	0.004384419669018878	0	0.3688334427574115	0.09122329655008715	0.05088218056107078	0	0	0.0069432596654849	0	0	0.0017064611348252393	0.103	0.10877910820443343	0.9915304755883786
MB.5209	0	0.018138639234817087	0.2598598516457206	0.2482708693175425	0	0	0.11649052315849537	0.13832100141305118	0.09688928588109307	0.03835680801916315	0	0.09615884209456003	0.018528635618265045	0.2835496979665786	0.08025805932464268	0.007434926670204825	0	0	0.0043164303392782275	0.0011248222284464303	0	0	0.004	0.33588161911726955	1.4076983929118587
MB.5223	0.06126788943625031	0	0.004379244887362107	0.2310389423738682	0	0.131032406387355	0.05917718835368478	0.08695399599921333	0	0.06651408854609914	0	0.03153002061846459	0.06883522674380334	0.1661246573642558	0.2119457144012746	0.17585570647449633	0	0	0.16225917913268942	0	0	0	0	0.5105839918493489	1.456914260718817
MB.5616	0	0.0067795914799575	0.1962517500872531	0.13638679501474354	0.04752816756869125	0.02655325388635603	0	0.18606456146629557	0	0	0	0.19774015800995	0.04606769028827498	0.22377181134514754	0.21136422293308815	0.10783472551879439	0	0.010803082760462126	0.033304768437876185	0	0	0	0	0.4759623210456605	1.4304505787968904
MB.5602	0.0035947485100249954	0.039463505209381515	0.06336398326725276	0.09790461267486275	0.07806190612491595	0.006202772416493553	0	0.01279919681876762	0.04435869107211335	0.12587482458911275	0	0.1381639873928102	0.0032670497676862147	0.2593513508783064	0.22136687387666842	0.16147941870087434	0.042670977034940674	0	0.11575349359704713	0	0	0	0.001	0.4242032313805642	1.4136773919312586
MB.5634	0.027198036591986698	0	0.32023910318457005	0.040537130276126515	0.007495698468000796	0.04383461483425198	0.009292330766334211	0.04170030891081564	0.03454166539568309	0.011025819065698158	0	0.09174398894797633	0.007864882422155958	0.4411566401618929	0.1539764257770508	0.07190328575231954	0	0	0.0684210978165893	0	0	0	0	0.5399266462732631	1.370931028371452
MB.5548	0.049594703027617475	0	0	0.02081068884093452	0.12605083021426136	0.026819608055172105	0	0.0956267728202991	0	0.058270545824022	0	0.05542038211653838	0.030127813557389086	0.15587496527636452	0.31280892074373057	0.2586281364954703	0.013843542099752129	0	0.06636391766361181	0	0	0	0.001	0.43446555150289173	1.2702408267351633
MB.5526	0.10173591637742305	0	0.1410653829577378	0.04003000745703939	0	0.17406194302507186	0.0380810798582828	0.13351838325458254	0	0.10190674813635935	0	0.07253359144714663	0	0.22126252330855364	0.20823795780905766	0.08286086221153133	0.04772454225700039	0	0.03436498354367078	0	0	0	0.003	0.35641275672321787	1.3973839216434571
MB.5531	0.0029573221558026703	0.011269771814058511	0.07295308137056478	0.06500127926885522	0.011539608080883685	0.1053669534296984	0.005194470010383302	0.05557361647112599	0.028824500422337456	0.013704561181842973	0.020948129139465407	0.0001	0.027984847357185382	0.5087960735828211	0.2580493370513792	0.1895135432429194	0.016064036191282088	0	0.027360768531124038	0	0	0	0	0.4856722229296113	1.4212498249501966
MB.5551	0.06277069686382533	0	0.019077723907267266	0	0	0	0.00819257050235703	0.08734733138221147	0.04711557228528149	0	0.046471148200755825	0	0	0.5477864466641779	0.14888997773077547	0.0936731996452412	0	0	0.02196387273164053	0	0	0	0.014	0.23052615712472505	1.0832885399135335
MB.5560	0.026499209950671343	0	0	0.06054106872018956	0	0.05309719097502244	0.015687589083265074	0.13940778439208903	0	0	0	0.04681385991645915	0.145360027852977	0.28571808535595744	0.08190910649331243	0.25106802546327267	0	0.02213965418401277	0.07768623629675538	0	0	0	0.057	0.152835944106542	1.2059278386839842
MB.5529	0.028382471972289682	0	0.021650857285191998	0.13485252611261433	0.05221116745835107	0.11221807659512134	0	0.042321388784875826	0.02027842378892757	0.005285537915277129	0	0.09950487686836008	0.12654153533172385	0.024084558165734165	0.12037251549198534	0.3022028063830377	0.025051953126664847	0	0.10935545517184714	0	0	0	0.067	0.1423974355995926	1.224314150452002
MB.4408	0.024947852895017185	0	0.07077367852052796	0.1544363521610577	0	0	0.03007123505683288	0.20585194009989524	0.16061593289241358	0.0029863407824233506	0.017490250503492184	0.045198032099225474	0	0.3741813880267087	0.14105587278280726	0.05586554039884862	0	0	0.058520450661686894	0	0	0	0.001	0.42392499209514795	1.341994866880937
MB.4146	0.1340917511783302	0	0.007678132959691286	0.2608090731434233	0.2670487568659158	0	0.01789734551066975	0.14545266465627119	0.17183140913801676	0	0.10901310109519158	0.02648045176587694	0.016056792913469852	0.21646779958223383	0.13815556689446712	0	0.0003	0	0.07978004871010488	0	0	0	0	0.5092990077463816	1.5910585602294893
MB.2957	0.057442752246160314	0	0.11134981468223068	0.027323595843433017	0	0.04397595607443549	0.009938323953268007	0.13912100715157769	0	0.07945123467763521	0	0.022034629090422066	0.04313447454215918	0.29022889313279154	0.2338329220140264	0.24283695102545733	0	0	0.04084366206798443	0	0	0	0.001	0.42645844789829185	1.3415142165015814
MB.3063	0.0058587438763788875	0	0.017989036209376263	0	0.0049287806187273036	0	0	0.08704171316473622	0.031416160450887035	0.0587400888426198	0	0.052873876674806704	0	0.378896753055256	0.18242334652755107	0.3443947139102459	0	0	0.003975028591674679	0	0	0.0005999999999999999	0.003	0.3650831885255593	1.169093106894216
MB.3046	0.09204333531531428	0	0.004133241652476527	0.057695051405092596	0.01051708424452335	0.023839426640737852	0	0.18121177569775512	0	0.03634159272248557	0	0.01910023159087822	0	0.4002158763498178	0.14051310332984596	0.19055572733568066	0	0	0.03017124516170477	0	0	0	0.001	0.4433747956277364	1.1863376914463126
MB.3014	0.032409187371274996	0	0.10829839258087137	0.07857086222724265	0	0.07002498686713783	0	0.1181104389602865	0	0.07633618605640138	0	0.039847306356330964	0.09321141245423828	0.2204206780618859	0.30626686885994997	0.107851967481611	0	0	0	0.056737896433024876	0	0	0.001	0.41579448907667416	1.3080861837102558
MB.3277	0	0.01647207164741667	0.051500438766896854	0.08325322188714723	0	0.014612294250938582	0.03836012127719989	0.16263297837580115	0.010220731049058334	0	0.04875845117000007	0.05800368778064316	0.05948056645476626	0.19622538763102657	0.28454988529415776	0.2261699690217201	0.003590015671754913	0	0.08173520726016395	0	0	0	0.001	0.43805906692998503	1.3355650275386914
MB.3271	0.005819483447656981	0	0.07273077268465415	0	0	0.14072113226232383	0.08621475714990455	0.1355083044923548	0	0	0.02172550832545654	0.09004771991328483	0.018399358341003626	0.05505432524672229	0.2797029267710242	0.21599571223186503	0.10367276680403748	0	0.1240195712492691	0	0	0	0.001	0.43891543122879495	1.3496123389195573
MB.3292	0.023626708643604485	0	0.36561395557527215	0.07552757996664493	0.03261899884388428	0.05693654921305137	0.0077183044313822585	0.14188093331584473	0	0.03564040792088556	0	0.11484443161136779	0	0.2770865419671619	0.22134688160283117	0.14409315083260826	0	0	0.027908519049371187	0	0	0	0	0.5659782016872444	1.5248429629739102
MB.2917	0	0	0.04521369455656941	0.0016307171251454383	0	0.035852154611437974	0.03278783529581464	0.1633524838056322	0	0.1237218985057988	0	0.05894213560512278	0.03428256882503215	0.21592410431926815	0.27500643859976887	0.18412561283861162	0	0.04412787194514406	0.05025792092459921	0	0	0	0.002	0.37720671606041	1.2652254369579452
MB.3706	0	0	0.0468246425532326	0.019303415682415108	0	0.045714222599909565	0.008774361963677011	0.05411065466595737	0.040805476758875484	0	0.05712116100082097	0.020541180166957492	0.0113109040609371	0.433639182641502	0.11617050570375034	0.3384040752104736	0	0.03326790549433007	0	0.01483976453060435	0	0.0005999999999999999	0.001	0.40672959103621587	1.2414442691382062
MB.3453	0.03297919646402117	0	0.19675457868746693	0.06369808182895323	0	0.012125268287824943	0	0.08853507946401873	0.026885112478281608	0.038296711166762955	0	0.05729554025250372	0	0.17455907642454907	0.14830033816433635	0.197472604404129	0	0	0.1527063773754266	0.0005999999999999999	0	0	0.013	0.23606766821155878	1.190248728936477
MB.2842	0	0	0.17084732586431106	0.010846287712340601	0	0.0961239740291773	0.04959050549568975	0.06063250291085448	0	0	0.009617925161247333	0.07609733127277335	0.08365390664856551	0.14851865647701626	0.1486882280486347	0.16590756136427276	0	0.0028405807345472846	0.15303600154561786	0	0	0	0.037	0.17778003840778003	1.1764007872650482
MB.2912	0.04049042663988822	0	0.09236568127019316	0.22299931973553652	0	0	0.026732826601392604	0.1912481574962616	0	0.11384304827545942	0	0.18702112498187626	0.02248753906025275	0.11409889566713217	0.18931663690910872	0.09645022727011905	0.04355488262924504	0	0.041987767480091316	0	0	0	0.002	0.3747416789518917	1.382596534016557
MB.2849	0.04673236710426217	0	0	0.11619611137447733	0	0.1163600246280293	0.04304190243311701	0.17655469897626008	0	0.10039919318318934	0	0.07016710132235185	0	0.20498479399157493	0.22685413819262837	0.09881208450149151	0.05476633413861011	0	0.1562528625546869	0	0	0	0	0.5126299840182437	1.411121612400679
MB.3058	0.0040995339837608565	0	0.10573080399003516	0	0	0.03830231619767159	0	0.04637232677230847	0.026378875670551707	0.07846188290523952	0	0.059740084613280696	0	0.4305552962700559	0.09116740952034012	0.20284734840347757	0.0035302024165036806	0	0.0658006307670718	0.016041180751600274	0	0	0.003	0.34793450197391546	1.1690278922618973
MB.3057	0	0	0.29153158022955805	0.049082693635736876	0	0.011274993419070895	0.038005375076712145	0.07121243031295302	0.004742316627809523	0	0	0.09331740878528857	0	0.40861453874296033	0.1899764307667987	0.08744672228348183	0	0.002104100113833947	0.012328634060113423	0	0	0	0	0.5276085738499138	1.2596372240543172
MB.3395	0.07212942828892141	0	0.09933657427475566	0.1054025196723053	0	0.29287080076208455	0.050556718923721294	0.035528871281718	0	0.12221551673237245	0	0.1249977769127222	0.040976517770479094	0.13954605272450185	0.2127069672437267	0.13635169068341352	0.05330978809911432	0	0.1598875195623639	0	0	0	0	0.4794373981183774	1.6458167429322001
MB.2857	0.09077435031257228	0	0.003252302997014975	0	0	0.2951283839184523	0.08846919965332192	0.062040919298988695	0	0.183392844538421	0	0.13914602161418216	0.05637165144298481	0.15776891342728883	0.190422995999606	0.20399172381850203	0.034598409911286626	0	0.09174598844417149	0	0	0	0	0.4700445260349038	1.5971037053767931
MB.2827	0.07256650620726059	0	0.11440786077060798	0.10262819798086835	0	0	0.0018372697970918568	0.16184599730583726	0.030981476753940366	0.07896187734789074	0	0.08333928585675726	0.0016691746078552451	0.29455143576888543	0.32476947189146804	0.1384024058966544	0.003966208576317282	0	0	0	0	0	0	0.5369664349345277	1.4099271687614348
MB.3702	0.03098349934480993	0	0.021722350822923772	0.015695139451309365	0.00999720575400329	0.27314926230312475	0.07024905605038902	0.09103157591717276	0	0.15707272080516063	0	0.04348077948976921	0.04924979588170231	0.14767045370562176	0.19414590219574923	0.16985127595726282	0.009794526453262604	0	0.09494163949173542	0	0	0	0.003	0.36348211830777927	1.379035183623997
MB.3502	0	0	0.012952832580270865	0.0971157653935759	0	0.019196271183010417	0.019596801679207198	0.058943573576399295	0.005284167153564894	0.1020960536357869	0	0.10516059517659669	0.030474284513112588	0.28097400528804684	0.21809879700619053	0.3334125527488927	0.0001	0	0.02270041148791711	0	0	0	0.002	0.3764397513363758	1.3060877300796636
MB.0079	0.023587325781896665	0	0.0756640544535856	0.06608471015698669	0	0.20036991359965242	0.047890639545589725	0.08991263574158001	0	0.027025667212097697	0	0.03569121954230824	0.04395948868636121	0	0.10985889215172784	0.12077069388183644	0.029997966819545797	0	0.26389953661756294	0	0	0	0.224	0.07114908481263675	1.1347127441907312
MB.0062	0	0.10114204212941758	0	0	0	0.20220836222461808	0.02768314237963132	0.0866829468661285	0	0.13138966715828537	0	0.009145169486207737	0.10173003243642682	0.11295263302320377	0.2788429769197608	0.06537888057965481	0.04929891490267445	0	0	0.027532962839166064	0.01542886205221022	0	0.034	0.1835213583095679	1.2094165929973855
MB.4015	0	0.010176020841585106	0	0.0425744061569427	0	0	0.0036630047342472768	0.07347845861299564	0.05096098292642021	0.023171012036587755	0.011032196176071206	0.023039583660999636	0	0.5279285963333418	0.013352074214403686	0.23114616814094777	0	0.056486156316856787	0.028658009561587747	0	0	0	0.032	0.19611760842653791	1.0956666697129873
MB.2929	0.025692482372763465	0	0.038326807806155126	0.0031257290338487422	0	0.10601108629277767	0	0.07175572867961538	0	0.09633677152484739	0	0.08772043253367956	0.0030229586539090333	0.1451041104379904	0.17527855036753115	0.21960108490216146	0.03171644245576095	0	0.16677081436417268	0	0	0.002440187721713714	0.006	0.3060476585568209	1.1729031871469267
MB.2724	0.11996384587015375	0.1657535769542462	0	0.12268313617885694	0.5068575952396178	0.018758488839875503	0.04862963240082231	0.2710059641255962	0.1329650582024897	0.15491541887693297	0	0.07820183411884903	0	0.12507061624835675	0.12645042664019965	0.08699184344051779	0	0	0.03926120511796429	0	0	0	0	0.5551892209043284	1.9975086422544788
MB.3062	0	0.06384557094804585	0	0.136034003232344	0	0.031544974729663146	0.06364356995006094	0.11493196770705048	0	0.07562631281228716	0	0.11053086659774078	0.04860014520747678	0.1841540562626332	0.2622229030602288	0.2482793958863149	0.03979534569340229	0	0.06076944532366858	0	0	0	0	0.5318621634041418	1.439978557410917
MB.4707	0.0016190195923785006	0	0	0.10214120750766852	0	0.09930442171480852	0.03393987466721192	0.14241453310840363	0	0.015005642759111815	0	0.058019913068275926	0	0.28415018065659664	0.15758909201814592	0.2206993932872601	0.004769104193186149	0	0.0021533550981097244	0	0	0	0.023	0.21229213277712553	1.1218057376711574
MB.3383	0	0	0.10572871194607218	0	0	0	0	0.07634125117346119	0.0355321496195319	0.05392758461578273	0	0.04319065396686927	0.017862439000286754	0.5059351806319659	0.05219232201753349	0.16190185052929792	0.005976112635267313	0	0.08444248844035179	0	0	0	0.015	0.22650219626881019	1.1430307445764203
MB.3297	0.0004	0.004680256007255799	0.1451239480633995	0.012440879301872028	0	0.21693302939550735	0	0.12352573341340593	0	0.03690634250780848	0	0.05698244728728886	0.028365663628352404	0.20110517767020278	0.1422481693181669	0.219468003524091	0.01945236166219176	0	0.04577248144972587	0	0	0	0.049	0.16188920031222942	1.2533886658406284
MB.7114	0	0	0.17126915204133414	0.04087483966076115	0.030615991922646166	0.0227627674039105	0.03898686195788388	0.06120577348389951	0	0.0558857238117838	0.004510634584664099	0.03584842118606325	0	0.4019525221570169	0.17024698392913884	0.18197255877447507	0	0	0.016178901291913985	0	0	0	0.001	0.4225562209411967	1.2323111322054914
MB.7208	0.04754291422363915	0	0.07839298611846554	0.1603458386101586	0	0	0.1656157580911684	0.16454041362222577	0	0.07067933905791352	0.062212532778982116	0.14030014999628324	0.023627183220963393	0.09878863745078961	0.16263835966439372	0.037005565883536255	0.01710479633433276	0	0.16321315629544553	0	0	0	0.001	0.459694036105017	1.3920076313482976
MB.3001	0.0155999540694925	0	0.005984806300578402	0.06414983087366952	0.02296040486893745	0.05616814205222715	0.008284412342230199	0.16367295637714632	0	0.02939716113135911	0	0.11997008195451886	0.07507589820706477	0.032876446712735784	0.24820998698069555	0.27985853554907936	0.11202843721008054	0	0.05677364256417575	0	0	0	0.013	0.234208937996967	1.2910106971939912
MB.7057	0.009109077298613185	0	0.20335073821080757	0.04594081845451446	0	0.11579348674592169	0	0.012534149167643996	0	0.06948507043331452	0	0.029376503191950655	0.05017795837466111	0.08916036514231825	0.09764560415465187	0.11004933664833964	0.07462130942065069	0	0.19989557719681167	0	0	0	0.087	0.12268360652711537	1.1071399944401994
MB.7023	0	0	0.007893325698612027	0.12790243128593173	0	0	0.012612326036772297	0.08464022672073708	0.004222401915622637	0.06684391680472267	0	0.07460010047694443	0	0.15861263034151324	0.09779946416437445	0.5896258008238288	0.0020886527264009883	0	0.048361547800280014	0	0	0	0.003	0.36560501575422183	1.2752028247957403
MB.3500	0	0.05063021551365877	0.026019973777604722	0	0	0.13183902438228443	0.009942125847217168	0.017191823104549482	0	0.04608414860217335	0	0.03121707364716125	0.07872929197559583	0.6471177043171273	0.10233483452421828	0.14509207138184696	0.004998483199342142	0	0	0.0827250478886029	0	0	0.001	0.42878509851661617	1.373929079605125
MB.3396	0.014341241942870547	0	0	0	0.00602086451815581	0.03564405095461128	0	0.07672160841302142	0	0.10316472043638755	0	0.051040214653695064	0.017193206470499454	0.13780885681083968	0.12229859814052749	0.5084768048748713	0	0.006296659069343471	0	0.1429267479118228	0	0	0.002	0.3892470692994653	1.2219832999925164
MB.7145	0	0.007210478376998779	0.012041644245809125	0.034816961712336864	0	0.02612037491760663	0.0002	0.05523781225456916	0.09318135979273773	0.05419375656906457	0	0.038767602901754586	0.054527338032225495	0.2510032339342503	0.09952505845637626	0.34429418752388674	0	0	0.01887590677167367	0	0	0	0.045	0.16644564876981427	1.0899618221515421
MB.7155	0.0017370290772873633	0.011788704439086127	0.027392622763026394	0.061103359303313266	0	0.09744653355002078	0.06881492740708628	0.20197557872734445	0.004216422198514548	0.073921646956442	0	0.12408648344036816	0.0014982255099971868	0.09013413773681206	0.21572685419765186	0.12778562698775342	0.010711735193727612	0.006941807026732587	0.11516642353910994	0	0	0	0.023	0.20739923497912183	1.2404481180542741
MB.3218	0.0226441490383555	0	0.025344916692989012	0.0005	0	0.2312598355717651	0.001683752927480094	0.07430411226025968	0	0.21087221283678648	0	0.0965737652530307	0.02232664837553361	0.037393032603670884	0.23042384768585664	0.2807123486898019	0.03150454923814046	0	0.07516874884831921	0	0	0	0.001	0.45863348666387327	1.340714192798239
MB.7270	0	0.01220231588178932	0.016410281281896116	0	0.06124963824855109	0.13488591358741148	0.009181626676285436	0.15106794603659315	0.02271573398419675	0.1865006856056083	0	0.046113578651648564	0.0981429813243052	0.0532261973908098	0.2415919851992245	0.12803462399662927	0.008174821638583784	0.007587076277262203	0.10590006101825818	0	0	0	0.013	0.23836344678248672	1.2829854667990532
MB.7008	0	0	0.002463420748443175	0.11261703286318261	0	0.12179945989160815	0	0.0005999999999999999	0.007836419269081619	0.03625310452361863	0	0.09027185787734737	0.043782256189493864	0.023975068750903227	0.1259586589438695	0.45051623642136934	0.07248088868125831	0	0.12242594010875896	0	0	0	0.007	0.30330445272113316	1.2109995350302019
MB.7009	0	0	0.007309206024817362	0.02304071950414098	0	0.13601092094789496	0.0036635868811274335	0.06896816520235086	0.02255368271905547	0.02088252928665516	0	0.027813708965038847	0.040926349835943676	0.339532038996026	0.08329395533149674	0.2140134444876173	0.018629090735547003	0	0.14268123140630698	0.02067602897979866	0	0	0.025	0.2036265865078734	1.1699946593038175
MB.3153	0.02038582368566682	0	0.026678419003255304	0	0.00838123805287474	0	0.03239302734696569	0.2797218656773155	0.008855263086424573	0.08269116063075098	0.005851019911391006	0	0	0.2850249444501318	0.25120629716615533	0.09702029576224147	0	0.0179827136038602	0.09926685895559072	0	0	0	0.003	0.3586576704664954	1.2154589273326242
MB.3211	0.013562703104627497	0	0.1262177112779366	0.09014677713582865	0	0	0	0.2046708022734924	0.0421380251018448	0.05275124332532724	0	0.18982944968150856	0.043811614687569396	0.12026656662542315	0.15622173867568914	0.14875231840671949	0.008748578321958066	0	0.04689804658019486	0	0	0	0.01	0.25843979974462533	1.24401557519812
MB.7081	0	0.009234116918184633	0.1499941578247279	0.11081301348186544	0	0.09101915316333428	0.1057231408063074	0.05316247265244109	0.011708893604363509	0.1256359040917005	0	0.1900376502167352	0.06822000039192262	0.2046566085065452	0.2629973571603371	0.23162543655612658	0.006375979922771254	0	0.10411817391959748	0	0	0	0	0.48973409337597906	1.7253220592169602
MB.7055	0.03222537926063009	0	0.0012140959599038232	0.004812429497817313	0	0.09260794677648192	0	0.13750164743665352	0	0.007518319967810004	0.018016058874816037	0	0	0.43735668898557417	0.056791430413294375	0.16488000692976687	0	0	0.003148538520818132	0.0014703885141985334	0	0	0	0.492173059373329	0.9575429311377648
MB.7121	0.02649938435457419	0	0.24638860336920765	0.09700677215073368	0.020470799450896568	0.24117530461850167	0.028004203894566735	0.14964373630027542	0	0.10799649255361003	0	0.07794391495900203	0.054177618419280385	0.21609603758117743	0.24338904603737174	0.09072567003352781	0.007299905794637435	0	0.06722897258956735	0	0	0	0	0.5423686662727645	1.6740464621069302
MB.7158	0.014551766668419525	0	0.49804819892649865	0.0649039367725365	0.008997080446505854	0.05698277952300476	0	0.16592168875034624	0	0.031659247762168184	0	0.0862178915655811	0.015720198454755085	0.39039121003477817	0.15405392333399603	0.10167713926145679	0	0	0.031114975154792127	0	0	0	0	0.5895722653568577	1.620240036654839
MB.7258	0	0	0.002547451517881314	0.20881312540319763	0	0	0	0.16529779869008557	0.07901239189518382	0	0	0.10845948546781155	0	0.14221001527318058	0.10187948661137652	0.1608207791403179	0.006712046925053167	0	0.04081273491261929	0	0	0	0.072	0.13660527101120107	1.0165653158367074
MB.2993	0.0282103629864229	0.0028677926711862846	0.016304981205768874	0.09036314141006321	0.006668698882998376	0.07760136656136342	0.012614730152714998	0.14275350119677402	0	0.04788068222152589	0.09427551898072223	0	0.011362355534822342	0.17351037848569897	0.20003496368627438	0.2756217532596939	0.02092641536050481	0	0.11930178702484799	0	0	0	0.004	0.3366363145918168	1.3202984296213827
MB.2904	0.026254216912704156	0	0.09299557398278827	0.22058797708433597	0	0	0.04575688073562345	0.08007734864406639	0.017121085922626466	0	0	0.15267763613870294	0.0052814016050948855	0.22421518230562082	0.13643344317353334	0.2523745458521776	0.023807892196204834	0.0005999999999999999	0.10591052026198661	0	0	0	0.001	0.41031584217049594	1.3840978370165216
MB.7154	0	0	0.017255254989714627	0.30815460779599885	0	0	0.08233398056891664	0.16898351721902322	0	0.027047477079463977	0	0.12218319239133692	0	0.025528233674576267	0.3649504146782123	0.03798825600555817	0.0031059201695068125	0	0.08877071108376418	0	0	0	0	0.5126219472352004	1.2463015656560719
MB.7165	0.06663503683871283	0	0.07348688908940021	0.020784701357970222	0	0.011997070028088006	0.04017896706351849	0.18433942376626222	0	0.020057810507350733	0.026768626041523205	0.03691619355968609	0.012002037899783982	0.32880719527316954	0.13112827775291155	0.06871639374090666	0	0.13284604914067652	0.04962122065297076	0	0	0	0.021	0.2188519484755023	1.204285892712931
MB.2850	0.009322905972879459	0	0.06420661493766923	0.13718957091778589	0	0.170797216183412	0	0.23475033441563226	0	0.1109098282393451	0	0.13178428823130212	0.004756193576196949	0.3490003926885972	0.2751640129890247	0.13455722670435102	0.034377147192454736	0	0.03898724769484858	0	0	0	0	0.526090224408921	1.6958029797434993
MB.7052	0.08633922402899555	0	0.020715456471707375	0.10914204140530927	0	0.011060973182447906	0.10010271612346636	0.1594959785220235	0.03543553556062579	0.1265576641731912	0	0.07255327357937796	0.0426651524721485	0.2224138125698035	0.19728849922741706	0.1436024255174227	0	0	0.11953196465544044	0	0	0	0.003	0.35161568013248795	1.446904717489377
MB.7090	0.05991815766674355	0	0.11707087258875941	0.0487380526995728	0	0	0.03430122982167685	0.15406386167770178	0.0004	0.01494813170323178	0	0.02467415320818283	0	0.3084269703712296	0.07186366453115241	0.1359820804444845	0	0.011826115776994313	0.04945827258471443	0	0	0.006640554797435665	0.256	0.06322202667616382	1.0382950791344483
MB.7087	0	0.0038862476934060303	0.010505938358825174	0.044184276807624594	0	0	0.05790631712985755	0.15975297578850123	0	0	0.006911277170691952	0.16877700286211575	0.07539722549103234	0.13112577331452435	0.23443600326009187	0.14970168734999717	0	0.01863654838928507	0.07706528637606923	0	0	0	0.006	0.3169729941132226	1.1382865599920222
MB.7025	0.0048288671532797246	0.01751727175559127	0	0.07612142896094307	0	0.27131975824969345	0	0	0.041073024257944415	0.028963445971915934	0.0024971070263487194	0.061960289730012386	0.053677226050212246	0.3128470322427071	0.1644351609918293	0.4268086350224955	0	0	0.11099943650600563	0	0	0	0	0.5948466502303817	1.5730486839189788
MB.7036	0.0004	0	0.02192671008169428	0.1271571020027546	0	0	0.020429036115654282	0.17278068864737176	0.019239902781569007	0.0700293618496719	0	0.1007201005449235	0.034429408020103476	0.2775400970073746	0.16723702393395942	0.1483468280702234	0	0.12323745524250646	0	0	0	0	0.003	0.36679345350344916	1.283523143440541
MB.4769	0.009916354993173516	0	0	0.07468120520478759	0	0	0	0.13955541737542265	0.014076123304747026	0.014677229109653018	0	0.046619852638681535	0.027899289744767127	0.47113694643832593	0.1592456423370996	0.12048360666852446	0	0	0.002313985977426453	0	0	0	0	0.4790493549696003	1.080605653792609
MB.4793	0.049019617496814535	0	0.013188149355859899	0.02669253437063558	0	0	0.019746482873727288	0.198632336422431	0.026364308894726157	0.03610715680729273	0.01968774545329824	0.04111852950645423	0.11600150762747374	0.21839950651902193	0.3001683512376167	0.11755138229272188	0	0	0.02610227689023674	0	0	0	0.005	0.3273112411728541	1.2087798857483107
MB.4679	0.0303991447963559	0	0.0005999999999999999	0.1601026451062385	0	0	0.26519374846554583	0.18910432533393834	0.04001429697325497	0.005463825796125944	0.024208194271292883	0.09472892145967261	0	0.2702651291315075	0.15644364400028196	0.031870680178797836	0	0.001767729186958617	0.12475699511257232	0	0	0.013498807086213765	0.002	0.39571093137934665	1.4084324918778255
MB.4660	0.05231397445631233	0	0.03574181218967902	0.14713241253643966	0	0	0	0.1557155961629254	0.07665823683285651	0	0	0.08544583058736273	0.01306988117974773	0.2214999629379403	0.16895193630579738	0.003658566396855545	0.008404666587429058	0	0.07990093501791773	0	0	0	0.089	0.12127144014329162	1.0484938111912634
MB.6248	0.01722914793040259	0	0.3250755991633014	0	0	0.12157716908151336	0	0.09100806841124962	0	0.0953329508487373	0	0.07653312233873592	0.09985688070819654	0.21955632761404806	0.11993694917254136	0.10335641558170128	0	0	0.03160311258546317	0	0	0	0.003	0.3680852353904754	1.3010657434358905
MB.6280	0.020337116189127407	0	0.054091544508326095	0.008789118134060213	0.0035668925916062157	0.009170304507434893	0	0.09532528199403631	0.015503852396844542	0.02624547448566778	0	0.028164022911496764	0.07821603402311075	0.42930665604829094	0.1941218687484321	0.24078966004240443	0	0	0.014077862374154794	0	0	0	0.003	0.3491343740446999	1.2177056889549933
MB.6098	0	0	0.020902693633536515	0.09580339467151266	0.06299908868774248	0	0	0.008035505644927707	0	0	0.02563027002699791	0.012415804282007574	0.016222265898782118	0.43222353828934074	0.23682104613115001	0.12739022793141017	0	0	0	0.050779563714661115	0	0	0.003	0.3653974248049965	1.089223398912069
MB.4974	0.011220376398635351	0	0.024773698101037783	0.1150283529517043	0	0	0.02235708073593196	0.08091891411817694	0.027130847477553767	0.12464696162307808	0	0.1596084256971178	0.05148769783615963	0.37326806709311194	0.15524046359570004	0.17393282615100011	0	0	0.03341473671109871	0	0	0	0	0.4740170148985883	1.3530284484903063
MB.4696	0	0	0.10138433934361277	0	0	0	0.014088753000277053	0.07009792731290958	0.05337680702700399	0.12621302707135856	0	0.024915682932826567	0.009368283159480087	0.5462720608848756	0.0799209394491113	0.14182445940357746	0.016164026512219477	0	0.020359025644670032	0	0	0	0.001	0.41127241592688313	1.2039853317419225
MB.4881	0.08608760721236024	0	0.04138184729081205	0.2804362339786902	0	0	0.023554534073227475	0.1371846444984375	0.017479416835950876	0	0	0.03194712885604709	0	0.2641085473964877	0.1910731137298473	0.07073951369863088	0.011232217757363838	0	0.027819634183119692	0	0	0	0.032	0.1942719623592838	1.183044439510975
MB.4865	0.013760162361370704	0	0.23808293572376296	0.17308919122789118	0	0	0.00733366195296798	0.13576540763052916	0.00862811214074209	0	0.02781735079215981	0.038424081310719664	0	0.3356756094668495	0.10287030981240604	0.1879838174408016	0	0	0.023336249176439224	0	0	0	0	0.529841777693791	1.29276688903664
MB.4416	0.021632507154203208	0	0.06845599563898362	0.23047475410925006	0.003507035056420123	0	0.07983010059625407	0.15515655636377723	0.0793214437773393	0.017416814424452687	0.019417697620120394	0.023203666315675418	0	0.35656583054879	0.1509371635956621	0.1379377736957896	0	0	0.05251632271540335	0	0	0	0.001	0.41107674500739494	1.3963736616121212
MB.4407	0	0.0026112603319532984	0.0024486375199071755	0	0	0	0.07696728610784948	0.05580331236235443	0.10970336251350646	0.03659715337702492	0.013274662915606741	0	0	0.5490643246734899	0.02768617103806441	0.07553822302491957	0	0.03026130093196581	0.05724465042391808	0	0	0	0.003	0.3571069526979811	1.0372003452205603
MB.4621	0.0022203203328856154	0	0.007080286733865197	0	0	0.11458920852462082	0	0.06557759435116767	0.04077809018066988	0.03597171320085241	0.060881758603111076	0.08166461547127742	0	0.32565443205454064	0.024794973525983335	0.2038864177255735	0	0	0.03956249012716107	0	0	0.0043723837585293805	0.001	0.4260360918147422	1.007034284590238
MB.4893	0.06114565118103208	0	0	0.2804147722366795	0.01872967299362689	0.013982795482156531	0.055937302393063645	0.09451923589348625	0.032534140855180284	0.0837262140346101	0	0.03844962954349963	0.046885116868902156	0.29221741209163743	0.22961116325462955	0.19351747912408393	0	0	0.09261829623929171	0	0	0	0	0.6136062481365754	1.5342888821918796
MB.4792	0.006576634978156301	0	0.00364368108338932	0.025574884966477602	0	0	0.003970484217613144	0.15833985259964836	0.05789265291399569	0.018503965875992668	0	0.046680008772769954	0	0.44647938225875544	0.08514137892281584	0.2034479389073696	0	0	0	0.019262266608437842	0	0.002331482020031768	0	0.6698829335527134	1.0778446141254536
MB.5008	0.04463286404888175	0	0.011579833066770339	0.03521897667131162	0	0	0.01216898403391896	0.16256010601682422	0.05197881336067954	0.02601137046583108	0.002258348566180584	0.05969203813046776	0.006651119535166737	0.16972152508087762	0.13158117199900077	0.08156784049183853	0.029374006003775228	0	0.219138829014806	0	0	0	0.701	0.0022729608352355306	1.0441358264863307
MB.5295	0.020221629773768863	0	0.018526084891877962	0.12892052964260028	0	0	0	0.13837372094353623	0.04854211640776996	0	0.02696596037539785	0	0.024128078296876593	0.3337045379521282	0.17972885416494228	0.1377313002070297	0.014354312028732358	0	0.026051390145743217	0	0	0.0011028534152146675	0.135	0.09801319369762831	1.098351368245618
MB.6058	0.018284206107369697	0	0.0854374175237158	0.2095182888443028	0	0	0.07118634673323453	0.07623982470323735	0	0.054606348363041776	0	0.04332493219404587	0.0012701111935437461	0.19374225885199847	0.3063756786403053	0.1390287623821607	0.06083663594622344	0	0.09020955696631089	0	0	0	0.001	0.45845646822685215	1.3500603684494903
MB.6052	0.03315652734383113	0	0.10010705456176687	0.11115049589601972	0	0.2324581054146373	0	0	0	0.17725891674541425	0	0.05758511421728285	0	0.20001305277281017	0.1906692687146858	0.08232687176086126	0	0	0.21465182968499996	0	0	0	0.001	0.4298107863231744	1.3993772371123092
MB.5335	0	0	0.020631215647800488	0.058204919381856506	0	0.06870813043744896	0	0.18111539093304532	0.03883726999952167	0.015436534044977315	0	0.002735105744263474	0.006121500860428843	0.3684142727587695	0.17158106283582797	0.0764530126931988	0	0	0.027466467458875446	0	0	0	0.097	0.11395111506890138	1.0357048827960142
MB.5135	0.01954184489488154	0	0	0.0060290965641972664	0	0.05546134531965902	0	0.09886090474259916	0.004668943038988372	0.009083010878559228	0.06276124474575766	0	0	0.3763419797423715	0.06442228516011161	0.10564760510661513	0	0	0	0.18895691168387163	0	0	0.204	0.07562496493056017	0.9917751718776121
MB.5057	0.026866083214166964	0	0.014167458981385711	0.12610173717368664	0	0.13283166581124656	0.0005999999999999999	0.07389062079197163	0	0.03498472696968223	0	0.0036499978274505047	0.016643156308428563	0.48788738813216925	0.17644124072486775	0.12032098474770021	0	0	0	0.01804100833918783	0	0	0.003	0.3496361854248209	1.2324356959660605
MB.5102	0.010764631057106776	0	0.04092539251200542	0.0069374576086517585	0	0	0.01668404513003049	0.23179844242637868	0.010965468649908208	0.06840119069492166	0	0.07422275907387585	0	0.2556842567391661	0.15587546377476602	0.23630499568077099	0	0	0.030403172683445646	0	0	0	0.01	0.25404138013601046	1.1389672760310277
MB.6272	0.07045495662531073	0	0.0010074629029037882	0.0221578379700256	0	0.060835792381059295	0.018196468752206783	0.11388113647069013	0.004442673717354653	0.0080349027503257	0	0.13516048325172916	0	0.25247418217887185	0.3503654410455066	0.11169256308836974	0	0	0.126603974468997	0	0	0	0.001	0.4330222305297179	1.2753078756033511
MB.6245	0.050620561663604166	0.006598935638835586	0	0	0.14350362204269365	0.08526960134541935	0	0.07977531736981795	0.1116603907162697	0.0777037463475957	0.004651250794167626	0	0	0.36154363668911393	0.23555845414583662	0.007752110099172868	0	0	0	0.012357240974266537	0	0	0.001	0.4093226122414936	1.1769948678267936
MB.4303	0.0043109689830559085	0	0.022099486422545143	0.20602642186891607	0	0	0.03685556855274378	0.16350569106568946	0.11017281395777767	0	0.035180531322120887	0.01976221043870408	0	0.29126015014295437	0.14116031255190387	0.061613926615180135	0	0.009637341689071719	0.052734854147480824	0	0	0	0.003	0.3640106747629337	1.1543202777581438
MB.6336	0.0543598156289261	0.005081693691336144	0.03605065527395237	0.1821844915309798	0.05486787598045229	0	0.009857212975827518	0.1956203912820626	0.027288661597182514	0	0.005167621694667514	0.07866517497748424	0	0.27632994169314246	0.33629555732846533	0.05034909563472626	0.0009	0	0.014039000160252594	0	0	0	0	0.4940656836531347	1.3270811537759035
MB.5208	0.06510456757712478	0	0.00763609970654209	0.038683609013289905	0	0.0941622277612171	0	0.05265334115740777	0.056061390539275946	0.08778578261738033	0	0.053061468281143866	0	0.31925469540866164	0.19712464215615425	0.19125711570528095	0	0	0.008758620501421292	0	0	0	0.001	0.4167339841403431	1.1715435604248998
MB.5440	0.0145618138022389	0	0.009081236547136504	0.11253355903367	0	0	0.13439540855984802	0.1054014697724208	0.04542405727262169	0.07695570607590833	0	0.18575264300966454	0.03293438749589097	0.28438937561131916	0.22634613000788528	0.12401355112356616	0	0	0.04312515489220865	0	0	0	0.001	0.461141340864714	1.394914493204379
MB.5346	0	0	0.030629431256059707	0.07719498334209245	0	0	0.11532460174598695	0.1578623462442529	0	0.03144939318151163	0	0.061057504981806066	0	0.33671694027176313	0.14300393656268426	0.12190038407529169	0	0	0.028071013707023463	0	0	0	0.204	0.0752973249300997	1.1032105353684722
MB.6178	0.05549416101498206	0	0.21338577827488706	0.10273240401967537	0	0.07043351034362583	0.011746838064867315	0.13228459763081227	0	0.0073478494050603005	0.02663729148147157	0	0.008805913874924031	0.22882769020577565	0.278764499101001	0.09607924145172295	0.005629496875242741	0	0.0014100827906265293	0	0	0	0	0.5479409708244061	1.2395793545346747
MB.4417	0.028404458583250802	0	0	0	0	0.02754808542032718	0.1023594776200906	0.17503229642778026	0.03278736379906884	0.10146389030722552	0	0.05978183945106681	0	0.36336591379957456	0.1771689589090894	0.0648388707392284	0.012543144033654127	0.01660832033225804	0.0877893060286724	0	0	0	0.01	0.258431116878739	1.2496919254512868
MB.4332	0	0	0.05169668685921147	0.21438467078498227	0	0	0.08163580398455712	0.13764200669673976	0.10521177873838829	0	0	0.14230208468540603	0	0.30820219675296545	0.07734899549806284	0.02193299573127615	0	0.0014592306500455653	0	0.0038913764454804782	0	0	0.006	0.3163028719689561	1.1457078268271155
MB.7205	0.04340249358389559	0	0.0189026063368164	0.06983919737299507	0.014275595503161155	0.014851630209454405	0.02128603593412392	0.1295932202952176	0.0024318724260151085	0.0419498439538781	0	0.05892977984797312	0.04819195177699259	0.16045732884131145	0.28281897466240224	0.197350757138771	0.08770160072668809	0	0.13827447005530624	0	0	0	0.001	0.41262836709340767	1.3302573586650022
MB.7159	0	0.05018080448473125	0	0	0	0.1096818654034391	0	0.1532238473318191	0.07662447231970353	0	0.046601963800370204	0	0.04177391434629306	0.30649241706843805	0.007336709610549832	0.014600000327400183	0.03239894659598127	0	0.0809002195967635	0	0.029718960550969384	0	0.344	0.04578883896948432	0.9495341214364584
MB.6143	0.05025674544940472	0	0.13205982684198378	0	0	0.038921506883553524	0	0.027869758928428905	0.002268050376998449	0.02495624063595156	0	0.012033237581572502	0.026270506260448193	0.2515448319028705	0.049935120950512106	0.3013511984530338	0	0	0.14382092950903838	0.026348707392422295	0	0	0.003	0.3655184735289983	1.0876366611662187
MB.5225	0.009142987111754932	0	0	0.3391458980877978	0	0	0.07703371748104634	0.11123238715363307	0.013323491745268612	0.21977372557317906	0	0.056997725850774096	0	0.27314621250466115	0.12158016697084595	0.09352370145230603	0	0	0.03996619602842621	0	0	0	0.006	0.31891335226507905	1.3548662099596933
MB.4024	0.012608788915581716	0	0.05919227549213894	0.03031560293469713	0	0.02168885764814949	0.0008	0.11370642938964505	0.02828349403927849	0	0.020646941241050095	0.02381951284347155	0	0.30294225673794634	0.0778822252930594	0.3199650385478884	0	0	0.03490618018392168	0	0	0	0.009	0.2833488396243693	1.046714183739409
MB.6242	0.0002	0	0.02919099608561335	0.1885429124146738	0	0.12232195017359104	0.06002151649126278	0.09657057946675615	0	0	0	0.1658829711758694	0.049535589518843424	0.1750581379924995	0.10326324522105333	0.22212631716924186	0.022599841786852252	0	0.03953111688364489	0	0	0	0.013	0.23747195712531716	1.2748286294195637
MB.5173	0	0	0	0.018793933964885004	0	0.05921104616659029	0	0.014290805647938705	0.014435845007361644	0.03897071535064246	0	0.003003398541999355	0.06512831234678884	0.5906693768198851	0.09799212629637391	0.15290382425112725	0	0	0	0.06496238737601599	0	0	0	0.6797426439469765	1.1203617717696086
MB.4931	0.02815062387133461	0	0	0.33845093798387244	0	0	0.05345235505611251	0.07056404600556115	0.025135324203907152	0.21484458969823386	0	0.2026525752491073	0.01451442677268001	0.20704875912154974	0.1478286807649182	0.09272123544906742	0	0	0.10506887513697305	0	0	0	0	0.48683852106101566	1.5004324293133176
MB.7045	0	0	0.06894197636259021	0.16912591228355753	0.016589647287805417	0	0	0.0758375117832912	0.01978533400509369	0	0	0.12086887767652267	0.07010123206792962	0.06675513955524144	0.15134885314630114	0.3098924466898133	0.08035423901945433	0	0.1485105216318142	0	0	0	0.003	0.3684851885409999	1.2981116915094149
MB.7049	0.07249556205612788	0.016401945286711087	0.04643627423646712	0.2849493916455737	0	0	0.006214244985383337	0.18953311503188497	0.00554092334075108	0	0	0.08229016952973103	0.015153653970486325	0.08012778567476572	0.057395228883389	0.10739928126241824	0.008649792894840854	0	0.0419494303720495	0	0	0	0.228	0.07010946142715724	1.0145367991705798
MB.7031	0.020813077875594835	0	0	0.12530247477652756	0	0	0	0.12035907189089216	0.07968416763071358	0	0	0.1861859688133954	0.006290420446813869	0.02523642959290313	0.03286602609339445	0.2850476158352045	0	0.16445685215436417	0.04463597802338219	0	0	0.007719771554700345	0.079	0.12988867739070212	1.0985978546878863
MB.7078	0	0.007585062214606894	0	0.1080998433788651	0	0	0.0553352064752352	0.029972614138040914	0	0	0.024470406935655793	0.052814297694906094	0.03490741983360661	0.3364017859287611	0.06173488223055505	0.41324880134607905	0.007501995181477241	0	0.024419207554746115	0	0	0	0.005	0.3272430002225102	1.1564915229125352
MB.7038	0	0.009737227048301968	0.052144312216679194	0.036893261714895834	0	0.13351024763264066	0	0.09266546741081472	0.02601007906225643	0.09029393148801224	0	0	0.013278328810950374	0.2701379863788247	0.12671818521274092	0.16748195828901827	0.02391278250760931	0	0.12361330841061817	0	0	0	0.003	0.34819855786314785	1.1663970761833629
MB.0399	0.0020383829179734174	0.02061477260465532	0	0.034986476122898395	0	0.18506789029983414	0	0.027042762019834944	0	0.0858749978786889	0	0	0.040584141869260515	0.3017465771193035	0.1029156082410776	0.30012583539099413	0	0	0	0.06451567571010126	0	0	0.006	0.3060647653988192	1.165513120174622
MB.0191	0.00852438373915327	0.029297680730211172	0	0	0	0.06027735731564623	0	0.04584758716586138	0.023218893857756637	0.10247562383231251	0	0.06415851373752592	0	0.41495686810770704	0.10056225086621878	0.24942732029793674	0	0	0.01934193238257567	0	0	0	0.007	0.29382679969336944	1.1180884120329053
MB.0639	0.02053604236302615	0	0.014465665162606584	0.11889790627363932	0	0	0	0.09484907885718061	0	0.03206383077926122	0	0.06694442136766518	0.034635269254555935	0.14788278467128113	0.0533527609113686	0.38733116095379466	0.012124426422036141	0	0	0.16670297935457773	0	0	0.034	0.18519455606689494	1.1497863263709933
MB.6251	0	0.06892597149984431	0	0.048087451215172106	0	0.02223684454465256	0	0.04351433392987457	0.034124253420455435	0.014244936960984148	0	0.07029784023943414	0.017719328382425768	0.41621338622685977	0.0543151005640951	0.22037835816725637	0.016844655656238106	0	0	0.022524068055388043	0.005459402178659902	0	0.006	0.3189084359686582	1.0548859310413403
MB.5450	0.09063847231884115	0	0.002695994914225008	0.08262819194471722	0.005870258294673453	0.24016879649695125	0	0.03851926957308306	0	0.05672219980802411	0	0.04243009655313226	0.032810205295692584	0.14142682880080082	0.3686559110718826	0.15322714659687675	0.04917079507618641	0.0013366341452400248	0.05274802052118292	0	0	0	0	0.5833101345375418	1.3590488214115097
MB.5155	0.00869219341914729	0	0.009176781805602753	0.050040343035357815	0	0.04483523370873325	0	0.0318176839406474	0.0158159784300133	0.06714920701891866	0	0	0.01310068879323094	0.3191487605664016	0.07559474792384747	0.11760538289013327	0	0	0.29940906363129344	0.04788755964482976	0	0	0.002	0.37226887159744737	1.100273624808157
MB.0100	0.025888184251729028	0	0.028542027417193274	0.02433913564412495	0	0.15470724775218234	0	0.13534088209494471	0.004890169340786028	0.10938260095438715	0	0.03816877421309089	0.03352282997441293	0.28202109602583686	0.1484757869452264	0.11690116806743302	0.07127000362715119	0.0010007337495218755	0.04580920513680607	0	0	0	0.023	0.21195043907487823	1.2202598451948268
MB.5572	0.05136653050719312	0	0.22581886076729243	0.14186894183125093	0	0	0.04963753836678783	0.11993606508673688	0.031222637053866204	0.11412393423882308	0	0.12099324087081932	0.04841139804642741	0.4496478133606078	0.2302601294244272	0.037382797083592455	0	0	0.10022944317885457	0	0	0	0	0.5876936490793792	1.7208993298166793
MB.5655	0.07948435569914739	0	0.05245668919498066	0	0	0.0179257701763466	0.08411659444832027	0.06449624463265533	0.040274069358736404	0.037683020685184386	0.014112018160539174	0.025375570902362084	0	0.45510125533375456	0.11418370320935661	0.06410670230646212	0	0	0.05267892777878426	0	0	0	0.084	0.1268407998791912	1.1019949218866298
MB.5633	0.09535150013967064	0.05534889392382111	0.4502211502862135	0.1092154339379416	0.13960449095812713	0	0.009020032270687985	0.18331976250966203	0.04585003276831311	0	0.026357586735522277	0.08480218029851033	0.01948651122039672	0.2424654178222604	0.2556960984118943	0.06085128548054461	0	0	0.008076674522050012	0	0	0	0	0.5684899211861683	1.7856670512856156
MB.0627	0.03848995770620143	0	0	0.0807804219988692	0	0.2291265472963406	0.0437107078166605	0.03393326541590481	0	0.14725153111532863	0	0.15026143971512437	0.03374379373946346	0.054509681243131054	0.20796753789906539	0.2395144668708819	0.02804590665911001	0	0.1559003508786546	0	0	0	0.001	0.4281472462578276	1.443235608354736
MB.5624	0.08897750287733482	0	0.3837839936049519	0	0	0	0	0.15027492329543302	0.03023418286610292	0.05780037447762095	0	0.03851274282702066	0	0.2611328901519729	0.1556141623583413	0.14895302178790595	0	0	0.008402479847274063	0	0	0	0	0.47839833662956877	1.3236862740939586
MB.5566	0.06782865399119863	0	0.2055544456584566	0.0444562050883077	0.05587337839031995	0.10584502958892736	0.027198752713544563	0.17969705277152306	0.03609763434709322	0	0.0787463983146852	0.021145902272421066	0.024394195088196104	0.33577654572547866	0.0878649872428615	0.03792149547407112	0	0	0.04970712593167282	0	0	0	0.003	0.36850585401486385	1.3581078025987576
MB.0414	0	0	0.012933705702422858	0.23339339000778386	0	0	0.008603190737510114	0.1329470313984607	0	0.04000853785632457	0	0.2392011528766982	0.029679154147681686	0.23286927049326325	0.21108716843887712	0.18656454380294296	0.021086492636963418	0	0.05394856899203625	0	0	0	0	0.5239498244916417	1.402322207090965
MB.0396	0.0370056610916534	0	0	0.35515744614739303	0	0	0.13807971564953792	0.11100049662746247	0	0.034842271963329514	0	0.15080414851885113	0.027911628628643128	0.13890480011898176	0.12824487512432284	0.10129526836654479	0	0	0.00786139978500604	0	0	0	0.01	0.2692363009709265	1.231107712021726
MB.0874	0	0	0	0.1072931114877824	0	0	0.03481281514459549	0.09283629049918657	0.01706770485459458	0.061127913481528975	0	0.1297423614310867	0.0433483853019447	0.395144651221928	0.07819698006373092	0.22375402991809376	0	0	0.0262448441551479	0	0	0	0.033	0.18754482709185924	1.20956908755962
MB.0269	0.0032233236809639794	0.017106716845105726	0	0.037118541337282186	0	0.07759213389446191	0.010071266825828689	0.023200904600441753	0	0	0.02138361178400893	0.009338766003120181	0.2156701534121313	0.1712884765377477	0.03628023935290234	0.5076130478060611	0.07716303841694876	0	0	0.08703082662552455	0	0	0	0.4976907545882728	1.294081047122529
MB.0901	0.017194388254717675	0	0	0.07832730801524944	0	0	0.013197404796302315	0.04096099574219862	0	0.2116592643576018	0	0.041605056723380565	0	0.45459157522360794	0.1263311141251943	0.18926317426466724	0	0	0	0.05646883408418685	0	0	0.003	0.34762727765802987	1.2295991155871067
MB.0464	0.06717579287864643	0	0	0.0553101580362509	0	0.2209335385243105	0	0.1100664509687107	0	0.14854342393653333	0	0.09789322395421174	0.05229531575439422	0.0778317427019459	0.22500668758309056	0.1414787746111011	0	0	0.08728091787360187	0	0	0	0.001	0.40764851509836286	1.2838160268227972
MB.0163	0	0	0.002923610995328123	0.027579049681199924	0	0.0836185445819708	0	0.08360167315811072	0.026996345257433968	0.02125642266731397	0	0.04316291022954698	0.006087474417692151	0.19221650100160273	0.06189725620434259	0.4808134602544364	0	0	0.006290502895448342	0.004338411556845473	0	0.0001	0.02	0.21993193165792996	1.0409240487828015
MB.0149	0	0.007042403184373206	0.002762874393515138	0	0	0	0	0.11447864942910989	0	0	0.025583204741463365	0.0069680854220240335	0.06528175689236185	0.6066039454464246	0.0048641813383138235	0.060840052684410596	0	0.02957949847547918	0	0.12030435139760833	0	0	0.002	0.37741809956605304	1.044309003405084
MB.0350	0.02840725291201153	0	0.0032464921879824275	0.05296499013727375	0	0	0	0.10392456659191017	0.03062672270451285	0.010002681049201101	0.014150798081900893	0.00267794161437459	0.004895402465812874	0.4512213737608709	0.04092905660566399	0.24066383458788151	0.0005	0	0.059618898077819026	0	0	0	0.002	0.3872334188835624	1.0438361018253952
MB.0303	0.01701396305510316	0	0.15312700527925674	0.12423362252571815	0	0.03187049479860504	0.03237508453512941	0.18891887692586345	0	0.08279890586259596	0	0.0853855047216203	0.06161761854418408	0.09007585274660304	0.20493453396943856	0.19837841824073682	0.033346001463085015	0	0.09078736745353143	0	0	0	0.002	0.3900373097338635	1.3948632501214713
MB.0436	0	0.01844659967462618	0	0	0.005015290720637736	0.022835554207385752	0	0.03297821743719981	0.03596793385095334	0.04206063063076106	0	0.040083090612488145	0	0.3996121632485484	0.0849848731391784	0.43822777639171784	0.014525725714123158	0	0.0002	0.03346358170097702	0	0	0	0.5412593512188264	1.1684081555091566
MB.0588	0.027277649844121926	0	0.04435864228456162	0.04098740415801832	0	0.31745936233373145	0.02520473551200892	0	0.023411668847614087	0.024144546095801335	0	0.02840484877609089	0.07722159046833474	0.0055721303544078804	0.14600554149384382	0.17920373811368967	0.15508739165602192	0	0.1591234886106266	0	0	0	0.01	0.255875739375339	1.2534627385488732
MB.7119	0.027666836338041057	0	0.048580364848618336	0.030731330973249257	0	0.07638478099231016	0.05687758511670978	0.16220618026297806	0.019317671202921244	0.14406981687190196	0	0.11436849361419218	0	0.26251351381222937	0.18219820393823935	0.12791240909296883	0.005873818738690154	0	0.0862875591701311	0	0	0	0	0.46461171217028463	1.3449885649731808
MB.7012	0.010516308008492915	0	0.02643362099572525	0.028710029847177937	0	0.04364724121346428	0	0.06467009478928513	0	0.02674307774046431	0	0.025002674638405054	0.020126653835199418	0.6113376960282265	0.05418459780631231	0.09011494971311156	0	0.017867388849972042	0	0.11701153563589717	0	0	0.006	0.31380784538796225	1.136365869101734
MB.0174	0.04315907624412849	0	0	0	0	0.12830890029938824	0.016137043482530988	0	0	0.0008	0.022138649880425215	0.023044483609053278	0.03294009123553811	0.7554121556994118	0.041793693257834226	0.22176077945139383	0	0	0.02249462823451198	0.0002	0	0.008808467397761808	0	0.7030152152855406	1.316966506503903
MB.5547	0	0.013101506547720843	0.006008310306382173	0.01816123660532494	0	0	0.007453896335206771	0.18609076837476768	0.023912287625088565	0.05980080348042344	0.03997012209712304	0	0	0.4716023129245451	0.09417163558525132	0.07882620332436639	0	0	0.02229206871027667	0	0	0	0.281	0.05854227566860071	1.021391151916477
MB.5465	0.08919703373034453	0	0.018372357853737628	0.023471836010325337	0	0.08168901343875527	0.002276126527800956	0.08360723224785012	0	0.046945764272167845	0	0.03936461136306463	0.00280366157544415	0.34492599389306283	0.20195731497039238	0.12420738118381436	0.02059069936630382	0	0.03144759961815739	0	0	0	0.023	0.20922927503717245	1.1108566260512212
