Input Sample	B cells naive	B cells memory	Plasma cells	T cells CD8	T cells CD4 naive	T cells CD4 memory resting	T cells CD4 memory activated	T cells follicular helper	T cells regulatory (Tregs)	T cells gamma delta	NK cells resting	NK cells activated	Monocytes	Macrophages M0	Macrophages M1	Macrophages M2	Dendritic cells resting	Dendritic cells activated	Mast cells resting	Mast cells activated	Eosinophils	Neutrophils	P-value	Pearson Correlation	RMSE
MB.0316	0.018306145086896	0	0.1644801534762	0.094407233459986	0	0	0.005695778240393	0.094007941112608	0.0078374825585816	0.053235252179044	0	0.079418647144886	0.0037877758549895	0.18974798204525	0.18127338513329	0.06353219102252	0	0	0.044270032685352	0	0	0	0	0.5307396177158504	0.847397259019547
MB.0658	0.043805517665577	0	0	0.11990487629697	0	0.0038527456265229	0.009000838161504	0.051476902522574	0.0044670168549649	0.09581263591978	0	0.059674869563486	0.02908588081983	0.19081196024479	0.19755272049729	0.10927276889071	0.01157407450448	0	0.073707192431515	0	0	0	0	0.4786637926115578	0.877498874361594
MB.0420	0.020721718300351	0	0	0.0063570451626994	0	0.069402507384521	0	0.032511369397686	0.027549720416601	0.015078483302035	0	0.0056769711261745	0.037361268139319	0.26120671033683	0.064401987747714	0.4200920431861	0	0	0	0.039640175499971	0	0	0	0.4937108276913257	0.86989908025976
MB.0157	0	0.039305893111458	0.02866804501301	0.16771929339863	0	0	0.024532880811986	0.048261616236044	0	0.027034668246058	0	0.10516387351421	0.0057098339697554	0.14910702485723	0.20906637156354	0.16539119763609	0	0.0025418374663662	0.027497464175628	0	0	0	0	0.47320845194756733	0.8818254201743759
MB.0292	0	0.011495124671495	0.0050930000808842	0.01890468056386	0	0.060154271946674	0	0.039298226449762	0.0008	0.010476563544682	0.0030464714213709	0	0	0.36503511372513	0.04886751216017	0.32546437243015	0.027411446810537	0	0.012069046837026	0.07190524950455	0	0	0.006	0.3182181337611095	0.9762674267046603
MB.0401	0.0070264904392925	0	0.0051731291816371	0.036896276043288	0	0.0975793918973	0	0.062038179848633	0	0.015440038081895	0	0.062891726349814	0.030721752102847	0.21815728231834	0.084389328445268	0.3001138175045	0.0018670591620473	0	0.077705528625134	0	0	0	0.006	0.31146865893766484	0.9604774582278867
MB.0372	0.0010682436327709	0	0	0.14774724944028	0	0.011032180497551	0	0.094625791277641	0.036896906432633	0.047265305454745	0	0.14967488070442	0	0.014563744190811	0.047048140121094	0.26621677539004	0.10182163670977	0.028072600826886	0.049378939960804	0	0	0.0045876053605623	0.029	0.19896611315432935	1.0151145014720364
MB.0164	0.0077697415496076	0	0.0063018988490179	0.0028876927497794	0.0092558467342952	0.019304477926422	0	0.028056020365033	0.0051203938544631	0.025782298677176	0	0.017623618676222	0.057976748549314	0.43105566214495	0.019052121951557	0.24250800673764	0	0.008736991929695	0	0.11856847930483	0	0	0	0.4888531793492137	0.8770429645166196
MB.0516	0	0	0.0031459889188862	0.028170462972845	0	0.05357229264729	0.0085023606763299	0.060120943908696	0.0018808792539591	0	0	0.069500128495818	0.084991678006585	0.11291692860455	0.11276464306342	0.28481952954944	0.010756566110131	0.09238725000533	0	0.068653628761825	0	0.0078167190248928	0.006	0.31394230142604757	0.9616913234488045
MB.0494	0	0	0.056715416665658	0.068129651649829	0	0.02758210980331	0.022342636923501	0.007428166998702	0	0	0	0.041720451031969	0.036713326238433	0.31005704671547	0.11644871041003	0.29615979310188	0	0	0.016702690461209	0	0	0	0.001	0.44933440871441926	0.8950567259628691
MB.0400	0	0.0076433826185552	0	0.0081032791164058	0	0.076121211357439	0.010357594961104	0.043116058110081	0	0.062831032045627	0	0.014034506731693	0.012525596518414	0.26501223898163	0.1260284117395	0.29101547266022	0.011893855503545	0	0	0.071317359655788	0	0	0.003	0.367424818446409	0.9401278462273408
MB.0581	0.066532776528053	0	0.16106016109232	0.026743199519352	0	0.068497390645325	0	0.093970920223298	0.0050832831906774	0	0	0.065438735245066	0	0.20400510211871	0.050494307943175	0.10769210204376	0	0.027128441928476	0	0.1119491091889	0	0.011404470332884	0.053	0.15784293507196767	1.0290195899806038
MB.0664	0	0.017914659468286	0	0.03667759818696	0	0.062301965146486	0	0.10291187676611	0	0.0031788217854538	0	0.049878860596884	0	0.36396856987271	0.06797977485331	0.18153196963985	0	0.046459457233378	0	0.067196446450566	0	0	0.009	0.28276605481736733	0.9860323092155188
MB.0446	0	0	0.02380377837045	0.0038136958927441	0	0.065560322482724	0	0.044665611455704	0	0.017388421927945	0	0.069796347663534	0.20572095040329	0.22462190824436	0.16684760266046	0.14489726815077	0	0	0.032839334194413	0	0	0	0.002	0.40475144033281807	0.916813984744619
MB.0115	0.024214018281747	0	0.030086552228888	0	0	0.045358604674649	0.017052115780058	0.10066452157658	0	0.10368934422408	0	0.065698340569167	0	0.28030101135914	0.24027590696868	0.014615644117435	0	0	0.078043940219578	0	0	0	0.001	0.4215268737299043	0.9143902214751627
MB.0354	0.032269156784101	0	0.014386133935562	0.098681076277593	0	0	0.065683301261262	0.096146826647906	0	0.16672097482351	0	0.053672700988334	0.0065821322790384	0.099235086784858	0.11400878118221	0.098047073263989	0.0044257991095751	0	0.15014095666206	0	0	0	0	0.5523622560684843	0.8389232260597401
MB.0481	0.0044656003135387	0	0	0.13000172083805	0	0.024787045402474	0	0.14308815353536	0.0088856624159343	0.084890662612823	0	0.096283996898767	0.012442492506825	0.094851977284682	0.14660496779732	0.18708951239268	0.048231995119416	0	0	0.01837621288214	0	0	0.009	0.2814266767043304	0.9826525296550086
MB.0238	0.030181966482567	0	0.077450235669867	0.036269777607253	0.039210193350297	0	0.0091593156077997	0.121166707976	0.004767644666157	0.074482282761616	0.0012825449864145	0.020852946622345	0.055538988937599	0.10546119181447	0.20121609194181	0.1300690789084	0.004297074235906	0	0.088593958431498	0	0	0	0.001	0.43468255207372786	0.899996243933576
MB.0525	0	0	0.027403657278845	0	0	0.069974563930055	0	0.096204674956388	0	0	0.015374164500821	0.017306760563985	0	0.31992709418357	0.034840960903421	0.20954307014833	0.0060492967056848	0	0.14213603833704	0.061239718491863	0	0	0.036	0.1799297219438259	1.028861775970937
MB.0869	0.017655547858954	0	0	0.048489701459131	0	0.0024440673849521	0.080555064314771	0.12219152556191	0	0.069487372632041	0	0.034117236501177	0	0.30508112040039	0.15412957502283	0.1144502470276	0.019146587473918	0	0	0.02197504104668	0	0.010276913315657	0.002	0.3720886967837206	0.935653646769174
MB.4622	0.016904780939693	0	0.051895687868262	0	0	0.0286283046894	0.034069999272036	0.038115667527106	0.019260587155731	0.18002372676435	0	0.060455619368818	0.018940883747427	0.35226067325764	0.1114801422313	0.053004227321709	0	0	0.034959699856529	0	0	0	0.008	0.2887155703329639	0.9781548613143152
MB.4717	0.036294147715916	0	0	0.053749059335197	0	0	0	0.048017112149339	0.066056588385845	0	0	0.092202392603184	0	0.38505963216537	0.04002730623872	0.17164945577439	0	0	0	0.10399588716734	0	0.0029484184647091	0.029	0.19959462282776586	1.0339669429739873
MB.4757	0.0087648024552152	0	0.029003116680549	0.023251078478778	0.03894531803292	0.077299591596445	0	0.10404513744327	0.0090104966251977	0.028469749897104	0	0.069407208204532	0.021625618275618	0.12383913392747	0.19335559716775	0.19771283104471	0.0035868162264689	0	0.071683503943969	0	0	0	0.013	0.23784001847403272	0.9990294936408133
MB.4715	0	0	0.024701484603806	0.07920277838478	0	0	0.018161059535116	0.12848159700216	0.024851838572955	0.034368010564769	0	0.046673962703361	0	0.29841621627853	0.18348204565825	0.13871086963572	0.012755360022005	0	0	0.010194777038535	0	0	0.006	0.31115025961787296	0.9720149047080625
MB.5281	0	0	0.026681547295578	0	0	0.073531444152113	0	0.087840150974131	0.042776046402562	0	0	0.031468771493636	0	0.44855618458224	0.052400055236755	0.17993671484117	0	0	0.048399781380684	0.0084093036411295	0	0	0.041	0.1752266530731881	1.047243962120747
MB.5323	0.042206322157893	0.023028824616343	0.032532002291516	0.20871680076642	0.011477064093997	0.050192172771277	0	0.11077917510169	0.003091841795055	0	0	0.088048877929909	0.031270947380937	0.16487300718971	0.10248659287649	0.087919244639327	0.0042349350686244	0	0.039142191320809	0	0	0	0	0.5660937306066601	0.8300167416327445
MB.4911	0.03712202081478	0	0.070973406313554	0.061961231877265	0	0	0	0.081384230699191	0.010591303895922	0	0	0.097911631890954	0.013685162262306	0.13488723288293	0.11361010610637	0.15395709221734	0	0	0	0.21945637027019	0	0.0044602107692083	0.042	0.17029954691905305	1.0407857895875627
MB.4888	0.0471920865319	0	0.10609688076794	0.058875041593497	0	0.069359084291917	0	0.039127672232765	0	0.009417544447977	0.0077147483330462	0	0.0095975188065613	0.26416996508882	0.25426281020556	0.096629975326237	0.013456719311547	0	0.024099953062228	0	0	0	0	0.5865419919327138	0.8097589058542601
MB.4945	0.0054357946478945	0	0.078117427731354	0.077855404377089	0.035506324693638	0.1078662273607	0	0.081503210685334	0.018278067745077	0.025486942505504	0	0.016045609492514	0.014877061758647	0.27422139845352	0.13479738197261	0.072991897736706	0.0044701136704732	0	0.052547137168942	0	0	0	0.009	0.27924647276715614	0.9762984248711684
MB.5072	0.0072644573136031	0	0	0.038972392267141	0	0.12994919321899	0	0.019376915933287	0	0.055099727945567	0	0.05384020126067	0	0.15025028558388	0.065513107835947	0.32029353940994	0.026952821458462	0	0.12835405175728	0	0	0.0041333060152271	0.061	0.14629244709335967	1.030190258050191
MB.5115	0.026118216676686	0	0.025072239846069	0	0.04924156069904	0.0050409828136483	0	0.091182076978304	0.037859692905859	0.036815292569533	0.048888433815516	0	0.022056649718801	0.29676071954539	0.21988314192003	0.11586407984749	0	0	0.025216912663636	0	0	0	0.006	0.3048433996073317	0.977148248842005
MB.4733	0.10112021980965	0	0	0.15467066480419	0	0.011910533081596	0.038877047204774	0.1023869104461	0.0090568206076043	0	0	0.069771117065055	0.015276842796602	0.14671677914682	0.13411289313194	0.13335191558827	0	0	0.082748256317391	0	0	0	0	0.5388242736043862	0.8469468227699277
MB.4758	0.067394488034921	0	0.012712341349507	0.036940907137068	0	0.0050892826157666	0	0.086579276722972	0.0049696124664916	0	0.024740565925014	0	0	0.42866271257018	0.013397383487111	0.20993229707161	0	0.030069785585094	0	0.073056068867805	0	0.0064552781664603	0.003	0.36438224878117303	0.9474422645361827
MB.4732	0	0	0.058463594579389	0.15298700786921	0	0	0.0073028879807256	0.08253725578245	0.0019072679502855	0.011731903020971	0	0.10231952087467	0.045617762818944	0.21058221191877	0.19195684788121	0.11038482627159	0.010216995031477	0.0027338751220361	0.01125804289828	0	0	0	0.001	0.4513810432221736	0.8933859672931782
MB.5236	0.11052448946439	0	0.034597037234549	0.09193965920706	0.24024388083386	0	0	0.080028900609817	0.016267520888544	0	0.040089131955834	0.020098603694341	0.014733031011633	0.16429349756563	0.090513045893196	0.086309519543473	0	0	0.010361682097663	0	0	0	0.007	0.2921934551785328	0.9707505212715599
MB.4993	0.011267769740908	0	0.02018537621089	0	0	0.038658296008588	0	0.069229819424871	0.023528519680294	0.030346143267923	0.0083233789935876	0.021610852818852	0	0.4868500895942	0.074564754550217	0.15619265544622	0	0	0.059242344263445	0	0	0	0.01	0.27433964387165866	1.0006550115032686
MB.5232	0.0045183139255853	0	0.02305914796468	0.11385438219263	0	0.078842516933443	0	0.13662164418935	0.067540943679939	0.066090949315169	0	0.026487922155961	0.034454127360769	0.17511027958649	0.131055322144	0.099539693372851	0.012814369730567	0	0.03001038744857	0	0	0	0.006	0.31405977906768573	0.9602625052540683
MB.5126	0.08937168525815	0	0.012972402243622	0.056405106238779	0.087642822388077	0.034612282888219	0	0.052887953805286	0.070231355779197	0.058644218177088	0	0.064049712667627	0	0.20809655657421	0.14010800180518	0.099045100815536	0	0	0.025932801359024	0	0	0	0.003	0.35530691145750165	0.9407480574080836
MB.4938	0.0071905915540793	0	0.0217496619535	0.01399260573443	0	0.15396322452319	0	0.041294660674453	0.027923413059058	0	0.0019987034650082	0.022694835833053	0.026599081259805	0.32490270235084	0.058005274872997	0.18727360518725	0.0016656001880922	0	0	0.11074603934424	0	0	0.094	0.11519959062981754	1.0619683249018408
MB.5070	0	0	0.35990072859511	0.011250555272249	0	0.097058366605391	0.0026268981104284	0.065750652252061	0	0.045874846956219	0	0.034735339659566	0	0.11228221173113	0.10574464385879	0.14284461230608	0.0055534317320916	0	0.016377712920871	0	0	0	0	0.48418132324044516	0.8759364471582414
MB.5138	0.056000611553712	0	0.077259203398168	0.059431033474713	0.042208346488531	0	0.031280657100468	0.079954219067802	0.0054679740798298	0.01469797898372	0	0.075757259078157	0	0.18983639792599	0.20720194506098	0.072425978668065	0	0	0.088478395119865	0	0	0	0.002	0.3998785628317975	0.9198745887196031
MB.5258	0.0045913817909574	0	0.0005	0.027530568585944	0	0.06551060058405	0	0.015186213185445	0.0020935446608042	0	0.011549847499508	0.0079192770850831	0.010030566630609	0.59316561116296	0.10231424849045	0.092163357003166	0	0	0	0.067459907916246	0	0	0	0.6419887982065035	0.766794481135116
MB.5421	0.027506000685694	0	0	0	0	0.082522216904533	0	0.090029787685394	0.024825697536951	0.035054420855706	0	0.020941698938344	0.0013697467600038	0.46614773259113	0.095383999093657	0.10273504251349	0.01439488289842	0.0045660815187386	0.03452269201794	0	0	0	0.117	0.10241487527394502	1.0849798794975607
MB.5348	0.0039507717468144	0.0099085928937687	0.057948250860016	0.048613956707997	0.0080004743394224	0	0	0.10326980092817	0.035884668756105	0.07565114174265	0	0.12468986389559	0	0.21938036347448	0.21142456162066	0.069720245601612	0	0	0.031557307432716	0	0	0	0.001	0.45805047156051537	0.8915875146027891
MB.5100	0.014314111825197	0.0072685286065179	0	0.090110141784135	0.090080093329011	0.06741328482812	0.030052387150438	0.095678621132761	0.0012912396114687	0	0	0.081241687046522	0.014046647046824	0.099755202373555	0.24571926996878	0.070172779909946	0	0	0.092856005386731	0	0	0	0	0.6028855662284158	0.7997420973166949
MB.5446	0.0065342294631664	0	0.023240984479421	0	0	0.1472491117362	0	0.051904766816811	0.059755455357422	0	0	0.05350371839142	0	0.3341502601857	0.10432027912118	0.16279510177826	0	0	0.039099354687684	0.01744673798274	0	0	0.023	0.21671379197887328	1.0119201117340684
MB.5427	0.15183006134493	0	0.016643992989062	0.16367666889808	0	0	0	0.12709683528324	0.012303671388171	0	0	0.0044218708118045	0	0.37198397007267	0.092002514089095	0.05131680953213	0	0	0.0070025680868404	0	0	0.0017210375039785	0.103	0.10877910820443343	1.0661717236754684
MB.5209	0	0.012885316432945	0.18459909662054	0.17636652181153	0	0	0.082752472933873	0.098260395912601	0.068828156918383	0.027247887908589	0	0.068309264668302	0.013162361846516	0.20142787645019	0.05701367546398	0.0052816190653067	0	0	0.0030663033793408	0.0008	0	0	0.004	0.33588161911726955	0.9513151446578534
MB.5223	0.042053188089477	0	0.0030058356935853	0.15858101509685	0	0.089938309974882	0.040618168103103	0.059683674148616	0	0.045654085720379	0	0.021641644583057	0.047247273638355	0.11402500603041	0.14547576347884	0.12070422482359	0	0	0.11137181061886	0	0	0	0	0.5105839918493489	0.8617057368684077
MB.5616	0	0.0047394796999276	0.13719575705462	0.095345338759941	0.033226011631011	0.01856286003861	0	0.13007409289372	0	0	0	0.13823627389928	0.032205020551651	0.15643449320238	0.14776059100962	0.075385145853477	0	0.0075522236983177	0.023282711707445	0	0	0	0	0.4759623210456605	0.8785964765773736
MB.5602	0.0025428351125529	0.027915495738012	0.044822095641418	0.069255272266265	0.055219038353774	0.0043876859401563	0	0.0090538314411906	0.031378227681433	0.089040700026441	0	0.097733746172499	0.0023110292251495	0.18345865355037	0.15658938534361	0.11422649864993	0.030184381018251	0	0.08188112383895	0	0	0	0.001	0.4242032313805642	0.9058328204873113
MB.5634	0.019839099144394	0	0.2335924248246	0.029569051569488	0.0054675970657	0.031974340012075	0.0067781168957659	0.030417510471225	0.025195771837417	0.0080425775166792	0	0.066920936975918	0.0057368913967166	0.32179346081761	0.11231522417285	0.052448507083346	0	0	0.04990849021622	0	0	0	0	0.5399266462732631	0.8420870808258233
MB.5548	0.039043543542124	0	0	0.016383262451439	0.099233804772473	0.021113797864697	0	0.075282395910769	0	0.045873620653331	0	0.043629822747063	0.023718190222893	0.12271292340446	0.24625953926212	0.20360559277583	0.010898360223024	0	0.052245146169789	0	0	0	0.001	0.43446555150289173	0.9044110912661881
MB.5526	0.072804556286702	0	0.10094962506212	0.028646391902062	0	0.12456272061608	0.027251694590486	0.09554881889406	0	0.072926807413461	0	0.051906702462871	0	0.15834053897538	0.14901986103014	0.059297134401031	0.034152777570871	0	0.024592370794745	0	0	0	0.003	0.35641275672321787	0.9382945939550996
MB.5531	0.0020807898118167	0.0079294798255848	0.05133023068138	0.045735294476559	0.0081193382601036	0.074136827727237	0.003654860615772	0.039101933731512	0.020281093384372	0.0096426123973829	0.014739230761347	0.0001	0.019690308393295	0.35799200439701	0.18156507921499	0.13334287886337	0.011302753329693	0	0.019251202744797	0	0	0	0	0.4856722229296113	0.8743555432351535
MB.5551	0.057944577599645	0	0.017610934856553	0	0	0	0.007562685471602	0.080631639829942	0.043493095836722	0	0.042898218238758	0	0	0.50566993601529	0.13744258546542	0.086471144292469	0	0	0.020275182393597	0	0	0	0.014	0.23052615712472505	1.029943277082286
MB.5560	0.02197412573176	0	0	0.0502028950474	0	0.044030156093723	0.013008729527618	0.1156020948519	0	0	0	0.038819785409006	0.12053791544576	0.23692801193458	0.067922062884541	0.20819489973568	0	0.018359020725629	0.064420302612413	0	0	0	0.057	0.152835944106542	1.0259339428617398
MB.5529	0.023182344140849	0	0.017684070119747	0.11014536266107	0.04264523728577	0.091657910311411	0	0.034567425990504	0.01656308863329	0.004317141898038	0	0.081273974356683	0.10335707978627	0.019671877644183	0.098318324138903	0.24683436540488	0.020462030204761	0	0.089319767423642	0	0	0	0.067	0.1423974355995926	1.0258330998515872
MB.4408	0.018590125424996	0	0.052737667085881	0.11507968917944	0	0	0.022407861459802	0.15339249439779	0.11968446143592	0.0022252997057762	0.013033023400561	0.033679735455527	0	0.27882475355243	0.10510910008967	0.041628728825686	0	0	0.043607059986526	0	0	0	0.001	0.42392499209514795	0.9056386706024208
MB.4146	0.084278325468416	0	0.0048258016088256	0.16392173089205	0.16784344934947	0	0.011248703195493	0.091418800220208	0.1079981676559	0	0.06851608345545	0.016643291722749	0.010091893104899	0.13605269158101	0.086832483949893	0	0.0002	0	0.0501427481705	0	0	0	0	0.5092990077463816	0.8597495158517534
MB.2957	0.042819339176263	0	0.08300308212358	0.020367727383976	0	0.032780834920346	0.0074082882097107	0.10370445981138	0	0.059225041151505	0	0.016425192382891	0.032153572441927	0.21634425454667	0.17430521356965	0.18101705374299	0	0	0.030445940539115	0	0	0	0.001	0.42645844789829185	0.9046162348052781
MB.3063	0.0050113578138726	0	0.015387171563406	0	0.004215900846273	0	0	0.074452336303623	0.026872248468171	0.050244149500348	0	0.04522640357984	0	0.32409459162908	0.15603833899267	0.29458279403011	0	0	0.0034000958249037	0	0	0.0005	0.003	0.3650831885255593	0.947555143202109
MB.3046	0.07758611732474	0	0.0034840346743409	0.048632907662871	0.0088651691001249	0.020094975328377	0	0.15274889856769	0	0.03063343008025	0	0.016100164167921	0	0.33735409338794	0.11844275398394	0.1606251986341	0	0	0.025432257087711	0	0	0	0.001	0.4433747956277364	0.896674541389844
MB.3014	0.024776033700891	0	0.082791481119152	0.060065508837028	0	0.053532395448532	0	0.090292551386238	0	0.058357153379513	0	0.030462294344634	0.071257852590304	0.16850623514476	0.23413355532221	0.082450200013351	0	0	0	0.043374738713388	0	0	0.001	0.41579448907667416	0.9140773447757804
MB.3277	0	0.012333410435112	0.038560787161226	0.062335580949266	0	0.010940908117269	0.028722016888907	0.12177091719414	0.0076527393562364	0	0.036507732805685	0.043430073852366	0.044535881988751	0.14692312510807	0.2130558074125	0.16934403369226	0.0026880126371465	0	0.061198972401062	0	0	0	0.001	0.43805906692998503	0.8992537786154295
MB.3271	0.0043119666883868	0	0.053890121323935	0	0	0.10426781691621	0.063881126945627	0.10040535388172	0	0	0.016097591655726	0.066721174159813	0.013633069149126	0.040792695546038	0.20724686541836	0.16004278117728	0.076816700480846	0	0.091892736656923	0	0	0	0.001	0.43891543122879495	0.8978732989894836
MB.3292	0.015494519250379	0	0.2397715466137	0.049531382444355	0.021391710252095	0.03733928712371	0.0050617044632119	0.093046259031903	0	0.023373166146484	0	0.075315579636729	0	0.18171480519329	0.14516044404411	0.094497042863734	0	0	0.018302552936298	0	0	0	0	0.5659782016872444	0.826628171275557
MB.2917	0	0	0.035735682539927	0.0012888747550526	0	0.028336574308559	0.025914619116929	0.12910938954752	0	0.097786445713003	0	0.046586271413291	0.027096016111927	0.17066057795868	0.21735765861694	0.14552790946198	0	0.034877477685908	0.039722502770287	0	0	0	0.002	0.37720671606041	0.9349715615737539
MB.3706	0	0	0.037717877247714	0.015549160089011	0	0.036823419090447	0.0070678661795813	0.043586857671444	0.032869358515145	0	0.046011860879163	0.016546195973192	0.0091110848405535	0.34930217442828	0.093576899577131	0.27258901879292	0	0.026797743822543	0	0.011953629252247	0	0.0005	0.001	0.40672959103621587	0.9200090596514685
MB.3453	0.027707819098861	0	0.1653054306248	0.05351661403232	0	0.010187171801191	0	0.074383679067759	0.022587810282565	0.032175385056687	0	0.048137451323892	0	0.14665764573471	0.12459609034563	0.1659086874897	0	0	0.12829787057355	0.0005	0	0	0.013	0.23606766821155878	0.9903294908634683
MB.2842	0	0	0.14522884353172	0.0092198915792606	0	0.081710225859888	0.042154430728477	0.051540685425599	0	0	0.008175721459357	0.064686569489373	0.071110039668579	0.12624834842409	0.12639249281218	0.14102979457365	0	0.0024146368867631	0.13008831956106	0	0	0	0.037	0.17778003840778003	1.0104700552984305
MB.2912	0.02928578630402	0	0.06680595459173	0.16129023489427	0	0	0.019335233340801	0.13832535580042	0	0.082340035921207	0	0.13526804124018	0.016264715343184	0.082525084404534	0.13692833176656	0.06976021196142	0.031502236232804	0	0.030368778198882	0	0	0	0.002	0.3747416789518917	0.9356559949349028
MB.2849	0.033117179053589	0	0	0.082343088188408	0	0.082459246322556	0.030501908591629	0.12511657211167	0	0.071148505062143	0	0.049724347430963	0	0.14526373360751	0.16076157873218	0.070023790744291	0.038810499149991	0	0.11072955100508	0	0	0	0	0.5126299840182437	0.8593659932606404
MB.3058	0.0035067888549938	0	0.090443354422846	0	0	0.032764244934791	0	0.039667425456021	0.022564795797569	0.067117203468454	0	0.051102360353175	0	0.36830198759158	0.077985658104311	0.1735179714241	0.0030197760377413	0	0.056286621733	0.013721811821413	0	0	0.003	0.34793450197391546	0.9478583153188996
MB.3057	0	0	0.23144090589132	0.038965737673072	0	0.0089509846198263	0.030171683045684	0.056534078981682	0.0037648273147611	0	0	0.074082765262314	0	0.32439065068892	0.15081836828808	0.069422148388107	0	0.0016704016629975	0.0097874481832412	0	0	0	0	0.5276085738499138	0.8487752721615057
MB.3395	0.04382591719198	0	0.060357007972696	0.064042682835101	0	0.17794860941827	0.030718316082779	0.021587379903804	0	0.074258277695384	0	0.075948781934266	0.024897375692919	0.084788329760144	0.12924097908055	0.082847431993241	0.032391083836064	0	0.097147826602801	0	0	0	0	0.4794373981183774	0.87767579684492
MB.2857	0.05683685411722	0	0.0020363755879257	0	0	0.1847897434117	0.05539352225875	0.038845892780865	0	0.11482838836389	0	0.087123973944669	0.035296174727542	0.098784388825939	0.11923020111877	0.12772603502938	0.021663220612918	0	0.057445229220432	0	0	0	0	0.4700445260349038	0.8819972148296414
MB.2827	0.051468265748086	0	0.08114451817473	0.072789715848247	0	0	0.0013030955341515	0.1147903245584	0.021973813570212	0.0560042242588	0	0.059108929669018	0.0011838729296362	0.20891251852933	0.23034485687425	0.098162805117257	0.0028130591878738	0	0	0	0	0	0	0.5369664349345277	0.8429702361655406
MB.3702	0.022467519112448	0	0.015751846712017	0.01138124656839	0.0072494203720977	0.1980727290694	0.050940727897732	0.066011061210164	0	0.11390044479676	0	0.031529855079915	0.035713226512668	0.10708244101326	0.14078386432865	0.12316674583378	0.0071024485593786	0	0.068846422933341	0	0	0	0.003	0.36348211830777927	0.934081859613331
MB.3502	0	0	0.009917276061908	0.074356234391431	0	0.014697535809359	0.015004200122156	0.045129873146273	0.0040457980209665	0.078169368936312	0	0.08051572092342	0.02333249429673	0.2151264412161	0.16698633023135	0.25527577135156	0.0001	0	0.017380464546997	0	0	0	0.002	0.3764397513363758	0.9354361664879427
MB.0079	0.020787045798731	0	0.066681241433971	0.058239153913899	0	0.17658205975518	0.042205077708672	0.079238235581557	0	0.023817188403372	0	0.031453969055193	0.038740631857196	0	0.096816478632289	0.10643283465365	0.026436617525557	0	0.23256946568074	0	0	0	0.224	0.07114908481263675	1.0521463017036288
MB.0062	0	0.083628786569523	0	0	0	0.1671949627576	0.02288966642257	0.071673356697791	0	0.10863888251496	0	0.0075616371886734	0.084114963384372	0.09339431398346	0.23055990676354	0.054058197116034	0.040762558731308	0	0	0.022765491228237	0.012757276641932	0	0.034	0.1835213583095679	1.032422982834448
MB.4015	0	0.0092875151931479	0	0.038857078830458	0	0	0.0033431743754757	0.067062785283268	0.046511392867111	0.021147866113932	0.010068934723515	0.021027913231161	0	0.48183321709661	0.012186255713977	0.21096394964857	0	0.05155414313338	0.026155773789391	0	0	0	0.032	0.19611760842653791	1.0480407462763375
MB.2929	0.021905032447955	0	0.032676872418929	0.0026649505842439	0	0.090383492392623	0	0.061177878503477	0	0.082135313963282	0	0.074789150114818	0.0025773300704062	0.12371362958861	0.14943991310476	0.18722865391502	0.02704097218195	0	0.14218634256578	0	0	0.0020804681481423	0.006	0.3060476585568209	0.9604507595500688
MB.2724	0.060056734340211	0.082980155103194	0	0.061418075288221	0.25374488225871	0.0093909425186285	0.024345142429991	0.13567198578912	0.066565448273815	0.07755431721291	0	0.039149684994898	0	0.062613304194367	0.063304069862487	0.043550171248488	0	0	0.019655086484959	0	0	0	0	0.5551892209043284	0.8316325204266258
MB.3062	0	0.044337862268477	0	0.094469464515453	0	0.02190655865486	0.044197581708781	0.07981505496422	0	0.05251905483111	0	0.076758689238037	0.033750603408192	0.12788666561379	0.18210194985938	0.17241881457785	0.027636068251568	0	0.042201632108281	0	0	0	0	0.5318621634041418	0.8477751074884289
MB.4707	0.0014432263430383	0	0	0.091050708761493	0	0.088521941348742	0.030254680937602	0.12695115413124	0	0.013376329122958	0	0.051720107252013	0	0.25329713613917	0.14047805847855	0.19673583925986	0.0042512745594319	0	0.0019195436658936	0	0	0	0.023	0.21229213277712553	1.0163415464637842
MB.3383	0	0	0.092498572280532	0	0	0	0	0.066788449510823	0.031085908920761	0.047179469906356	0	0.037786082458241	0.015627260320899	0.44262604749048	0.045661345738233	0.14164260348858	0.00522830436856	0	0.073875955516528	0	0	0	0.015	0.22650219626881019	1.0147314331427768
MB.3297	0.0003	0.0037340819610147	0.11578527237285	0.0099257952787758	0	0.1730772228182	0	0.098553415057858	0	0.029445249916199	0	0.0454627114799	0.022631179299302	0.16044917522477	0.11349086934879	0.17509971926936	0.015519816153073	0	0.036518984651123	0	0	0	0.049	0.16188920031222942	1.0208556237481001
MB.7114	0	0	0.13898207000274	0.03316925295287	0.02484436853853	0.018471607379844	0.031637190429424	0.049667467804465	0	0.045350335926743	0.0036603049885554	0.029090397911041	0	0.32617779037477	0.13815259757042	0.14766770665197	0	0	0.013128909468633	0	0	0	0.001	0.4225562209411967	0.908562486218337
MB.7208	0.034154205158767	0	0.056316491629097	0.11519034450612	0	0	0.11897618544717	0.11820367210405	0	0.050775108890354	0.044692666460976	0.10078978508213	0.016973458111058	0.070968459673675	0.11683726152195	0.026584312506744	0.012287861035478	0	0.11725018787243	0	0	0	0.001	0.459694036105017	0.8872019264848187
MB.3001	0.012083520379342	0	0.0046357526808929	0.049689619933513	0.017784829296025	0.043507108170605	0.0064169974425745	0.12677893121481	0	0.022770656505987	0	0.092927256308002	0.058152808780161	0.025465665609272	0.19226020940042	0.21677476116763	0.086775762163376	0	0.043976120947389	0	0	0	0.013	0.234208937996967	1.0005078059511523
MB.7057	0.0082275749628384	0	0.18367210942788	0.041495040089978	0	0.10458793587749	0	0.011321196262973	0	0.062760871057186	0	0.026533684393548	0.045322144107017	0.080532150938509	0.088196257605186	0.099399657858068	0.067400066654065	0	0.18055131076525	0	0	0	0.087	0.12268360652711537	1.030180316739795
MB.7023	0	0	0.0061898590131153	0.10029967688193	0	0	0.0098904470657776	0.06637393289518	0.0033111610431846	0.052418262808843	0	0.058500576556434	0	0.12438227649544	0.076693261858199	0.46237805418779	0.0016378984470455	0	0.037924592747061	0	0	0	0.003	0.36560501575422183	0.9373900233767702
MB.3500	0	0.036850870875181	0.018938467555909	0	0	0.095958170719434	0.007236311204754	0.012512955888244	0	0.033542045837691	0	0.022721142669484	0.057302599707568	0.4710003842745	0.07448373930124	0.10560431420764	0.0036381132705435	0	0	0.060210884487814	0	0	0.001	0.42878509851661617	0.9106831843495381
MB.3396	0.011736037589841	0	0	0	0.0049271250418829	0.029169016429954	0	0.062784498293464	0	0.084424001896768	0	0.041768340577165	0.01406991934391	0.11277474644022	0.10008205361012	0.41610781823122	0	0.0051528192483335	0	0.11696293060036	0	0	0.002	0.3892470692994653	0.9266485816910321
MB.7145	0	0.0066153494833109	0.011047766996131	0.03194328553968	0	0.023964486082683	0.0002	0.050678667024806	0.085490480399397	0.049720784221679	0	0.03556785395036	0.050026832980802	0.23028626217272	0.091310591282837	0.31587729086168	0	0	0.017317952232871	0	0	0	0.045	0.16644564876981427	1.03106599260118
MB.7155	0.0014003238442669	0.0095035852507701	0.022082844388521	0.049259101137707	0	0.078557524600765	0.055475861025955	0.16282468874567	0.0033991120927559	0.059592695478786	0	0.10003359401682	0.0012078098940142	0.072662561557345	0.17391042080505	0.10301569660825	0.0086353754242698	0.0055962090841988	0.092842596044852	0	0	0	0.023	0.20739923497912183	1.0161503601749784
MB.3218	0.016889616862408	0	0.018904041464714	0.0004	0	0.17249003315844	0.001255862686115	0.055421291621578	0	0.157283494103	0	0.072031582698076	0.016652802286619	0.027890383203617	0.17186649393554	0.20937523463067	0.023498333505657	0	0.056066199084111	0	0	0	0.001	0.45863348666387327	0.8882557003329373
MB.7270	0	0.0095108761537519	0.012790699276461	0	0.047739931459523	0.10513440493129	0.0071564541562523	0.11774719975082	0.017705371239217	0.14536461279714	0	0.035942401410593	0.076495785699868	0.041486204456863	0.18830453769829	0.099794290200391	0.0063717180358865	0.0059136104606012	0.08254190227304	0	0	0	0.013	0.23836344678248672	1.0002189676225364
MB.7008	0	0	0.0020342045369834	0.092995108260198	0	0.10057762729741	0	0.0005	0.0064710340858109	0.029936513991076	0	0.074543263862687	0.036153817506133	0.019797752234732	0.10401214476166	0.37202015639926	0.059852119331698	0	0.10109495220054	0	0	0	0.007	0.30330445272113316	0.9619344197264531
MB.7009	0	0	0.0062472131532349	0.019693012545759	0	0.11624918102517	0.0031312851319402	0.05894741882274	0.019276739889117	0.017848397102155	0	0.023772509339136	0.034979945857442	0.29019964860186	0.071191739782008	0.1829183088878	0.015922372454787	0	0.12195032709911	0.017671900307734	0	0	0.025	0.2036265865078734	1.0093991942450442
MB.3153	0.016772120577044	0	0.021949255876381	0	0.0068955337481191	0	0.026650861348358	0.23013683094268	0.0072855304998729	0.068032871182427	0.0048138359757095	0	0	0.23449985683649	0.20667608877368	0.079821945094563	0	0.014794998991306	0.081670270153378	0	0	0	0.003	0.3586576704664954	0.9430842997468933
MB.3211	0.010902357956786	0	0.10145991239526	0.072464347660175	0	0	0	0.16452430850064	0.033872586438585	0.042404005526158	0	0.15259411012702	0.035217898843905	0.096676093951854	0.12557860350809	0.11957432155384	0.0070325311807811	0	0.037698922356921	0	0	0	0.01	0.25843979974462533	0.9884049599625109
MB.7081	0	0.0053521120122788	0.086936903764392	0.064227436779054	0	0.052754877083438	0.061277336739258	0.030813071894861	0.0067864973625142	0.072818812824268	0	0.11014618934565	0.039540444073893	0.11861936582404	0.15243377649718	0.13425055068342	0.0036955302859021	0	0.06034709482985	0	0	0	0	0.48973409337597906	0.8713610685084383
MB.7055	0.033654239630112	0	0.0012679284869883	0.005025810688299	0	0.096714145930192	0	0.14359841524105	0	0.007851679254607	0.018814883687157	0	0	0.45674890886187	0.059309539621178	0.1721907201945	0	0	0.0032881434538679	0.0015355849501718	0	0	0	0.492173059373329	0.8719516309562935
MB.7121	0.015829539355331	0	0.14718146057852	0.057947478965812	0.012228334107963	0.14406727057919	0.016728450809735	0.089390431919038	0	0.064512243237077	0	0.046560186185575	0.032363270462095	0.12908604538323	0.14538966005223	0.054195431302033	0.0043606351196787	0	0.040159561942477	0	0	0	0	0.5423686662727645	0.8435766928820811
MB.7158	0.0089812412600686	0	0.30739161337771	0.040058223043629	0.0055529305800154	0.035169344192143	0	0.10240562200457	0	0.019539850297449	0	0.053213036102717	0.0097023885962053	0.24094652718296	0.095080926189219	0.062754367847483	0	0	0.019203929325825	0	0	0	0	0.5895722653568577	0.8105222675984395
MB.7258	0	0	0.0025059398330786	0.20541043664403	0	0	0	0.16260420861795	0.07772485512173	0	0	0.10669209718073	0	0.13989264935341	0.10021932189131	0.15820014379297	0.0066026715848835	0	0.040147675979902	0	0	0	0.072	0.13660527101120107	1.0506044590816235
MB.2993	0.021366656472138	0.002172079135176	0.012349466484213	0.068441451858711	0.0050509026848655	0.058775625889078	0.0095544536520675	0.1081221472313	0	0.036265045195317	0.071404704319581	0	0.0086058994541716	0.13141754514959	0.1515073859049	0.20875716207489	0.015849761607689	0	0.090359712886321	0	0	0	0.004	0.3366363145918168	0.9464449140931954
MB.2904	0.018968468998764	0	0.067188584141742	0.15937311018405	0	0	0.033058993021949	0.057855266081967	0.012369852379462	0	0	0.11030841321724	0.0038157718795943	0.16199373794914	0.098572109228652	0.18233866068036	0.017201018280271	0.0004	0.076519533106331	0	0	0	0.001	0.41031584217049594	0.9114301559179029
MB.7154	0	0	0.013845168348666	0.24725525208964	0	0	0.066062647145577	0.13558798438167	0	0.021702192972233	0	0.098036619513527	0	0.020483191530886	0.29282673209682	0.030480789764202	0.0024921096587661	0	0.071227312498026	0	0	0	0	0.5126219472352004	0.8678540874582235
MB.7165	0.055331576365644	0	0.061021132551718	0.017258942817264	0	0.0099619783812811	0.033363312903223	0.15306948697289	0	0.016655356197992	0.022227800062675	0.03065401146278	0.0099661035410343	0.2730308453024	0.10888467476565	0.057059867724687	0	0.11031105648959	0.041203854461159	0	0	0	0.021	0.2188519484755023	1.0033832151332243
MB.2850	0.0054976350933701	0	0.037862072248146	0.080899475090282	0	0.10071760589149	0	0.13843019337726	0	0.065402543552625	0	0.077712027756453	0.0028046852334912	0.20580244100136	0.16226178174934	0.0793472050183	0.020271899273142	0	0.022990434714737	0	0	0	0	0.526090224408921	0.8502503975342116
MB.7052	0.059671672215437	0	0.01431708406318	0.075431395091924	0	0.0076445760724594	0.069184041570589	0.11023253749478	0.024490579878758	0.08746786339379	0	0.050143781205766	0.029487188725309	0.15371697243183	0.13635210172633	0.09924801804959	0	0	0.082612188080255	0	0	0	0.003	0.35161568013248795	0.9389304948874748
MB.7090	0.057708216932602	0	0.112752987991	0.04694046391918	0	0	0.033036109397987	0.148381577428	0.0004	0.014396804919554	0	0.023764104929354	0	0.2970513648474	0.069213141789192	0.13096670029279	0	0.011389937229456	0.047634120182814	0	0	0.0063956335062008	0.256	0.06322202667616382	1.0665327401762275
MB.7087	0	0.003414120688057	0.0092296076647859	0.038816479400349	0	0	0.050871475747077	0.14034513048245	0	0	0.0060716496298967	0.14827285922035	0.066237473182114	0.11519574940377	0.20595517113172	0.13151493886658	0	0.016372457555341	0.067702887027507	0	0	0	0.006	0.3169729941132226	0.9677998521529206
MB.7025	0.0030697506076223	0.011135873882778	0	0.048391019133178	0	0.17248020421958	0	0	0.026110459693859	0.018412301073708	0.0015874314964796	0.039388666328908	0.034123054549389	0.19887943421007	0.10453278571275	0.27132576339543	0	0	0.070563255696238	0	0	0	0	0.5948466502303817	0.8158099230834895
MB.7036	0.0003	0	0.01708322143917	0.099068803435756	0	0	0.015916375345514	0.13461439283769	0.014989914969508	0.054560264228625	0	0.078471588969513	0.026824142748072	0.21623302892959	0.13029529291203	0.11557783654183	0	0.096014984904879	0	0	0	0	0.003	0.36679345350344916	0.9379839362723597
MB.4769	0.0091766639924287	0	0	0.069110507559051	0	0	0	0.12914555544442	0.013026142566758	0.013582410066189	0	0.043142336406495	0.025818197088687	0.43599341238385	0.14736702679483	0.11149636895352	0	0	0.0021413787437675	0	0	0	0	0.4790493549696003	0.8800899944127821
MB.4793	0.040552972526068	0	0.010910298484737	0.022082212556103	0	0	0.016335879763174	0.16432465394596	0.021810678027956	0.029870745892616	0.016287287442006	0.034016556687655	0.095965782517684	0.18067764784473	0.24832341667548	0.097247963569439	0	0	0.021593904066395	0	0	0	0.005	0.3273112411728541	0.9643012891824615
MB.4679	0.021583671898839	0	0.0004	0.11367434792191	0	0	0.18828999614456	0.13426580714693	0.028410518220795	0.0038793664784325	0.017188040187156	0.0672584039391	0	0.19189072297755	0.11107642354352	0.022628475530485	0	0.0012551039521971	0.088578611919296	0	0	0.0095842769632616	0.002	0.39571093137934665	0.919247034278433
MB.4660	0.049894404619208	0	0.034088720227228	0.14032740199894	0	0	0	0.14851360542225	0.073112722282795	0	0	0.081493881676118	0.012465387053547	0.21125538422233	0.16113775255749	0.0034893543078703	0.0080159429628678	0	0.076205442669363	0	0	0	0.089	0.12127144014329162	1.0544464005759722
MB.6248	0.013242334614778	0	0.24985332278816	0	0	0.093444293414758	0	0.069948862208079	0	0.07327296974016	0	0.058823408982105	0.076750065253806	0.16875114014933	0.092183619296446	0.079439810096571	0	0	0.024290173455805	0	0	0	0.003	0.3680852353904754	0.9336381117009767
MB.6280	0.016701175311565	0	0.044420868686871	0.0072177688038912	0.0029291910384908	0.0075308053420565	0	0.07828269413428	0.012732019352024	0.021553216613606	0	0.02312876023078	0.064232297452953	0.35255370812689	0.15941608100314	0.19774044108231	0	0	0.011560972821139	0	0	0	0.003	0.3491343740446999	0.9529283677939586
MB.6098	0	0	0.019190455928889	0.087955689133379	0.057838537760635	0	0	0.0073772796773864	0	0	0.023530774359601	0.011398767502065	0.014893423989041	0.39681808040577	0.21742192314973	0.11695509668508	0	0	0	0.046619971408419	0	0	0.003	0.3653974248049965	0.9567475035034347
MB.4974	0.0082927867563723	0	0.018309813166663	0.085015472571956	0	0	0.01652373293472	0.059805774378555	0.020051941633471	0.092124420415667	0	0.11796383577537	0.038053669820179	0.27587599322808	0.1147355502901	0.12855075319745	0	0	0.024696255831415	0	0	0	0	0.4740170148985883	0.8798910200899385
MB.4696	0	0	0.084207287805517	0	0	0	0.011701764655134	0.058221579171145	0.044333436313363	0.10482937270403	0	0.020694340932525	0.0077810608754893	0.45371986392436	0.066380326522319	0.11779583659743	0.013425434750798	0	0.016909695747883	0	0	0	0.001	0.41127241592688313	0.9178826182708381
MB.4881	0.072767855827923	0	0.034979114823377	0.23704623817395	0	0	0.019910100826782	0.11595899521335	0.014774945261715	0	0	0.027004166360186	0	0.22324482375798	0.16150966721827	0.059794468691195	0.0094943329111177	0	0.023515290934142	0	0	0	0.032	0.1942719623592838	1.0231164544752744
MB.4865	0.010643962556641	0	0.18416540347903	0.13389048922569	0	0	0.0056728417282044	0.10501924885445	0.0066741438181262	0	0.021517685073826	0.029722358792275	0	0.25965671948559	0.079573750445499	0.14541199889555	0	0	0.018051397645115	0	0	0	0	0.529841777693791	0.8501082884394648
MB.4416	0.015491918638188	0	0.049024124072887	0.16505234984393	0.0025115305113756	0	0.057169583465281	0.11111392360742	0.056805313619108	0.012472889530403	0.013905803406305	0.016617089646969	0	0.2553513005517	0.1080922447516	0.098782852676081	0	0	0.037609075678764	0	0	0	0.001	0.41107674500739494	0.9116417275640899
MB.4407	0	0.0025176045727193	0.0023608144088946	0	0	0	0.074206768694704	0.053801864431975	0.10576872927108	0.035284555723169	0.012798552349868	0	0	0.52937152133008	0.026693175687458	0.07282896055039	0	0.029175945680514	0.055191507299147	0	0	0	0.003	0.3571069526979811	0.9543291281822885
MB.4621	0.002204811064391	0	0.0070308298756146	0	0	0.11378878582197	0	0.065119525079378	0.04049324914222	0.035720445422064	0.060456490444001	0.081094175958971	0	0.32337968730335	0.024621776939871	0.20246224070567	0	0	0.039286140236287	0	0	0.0043418420062118	0.001	0.4260360918147422	0.9063876514797182
MB.4893	0.039852762990552	0	0	0.18276530286531	0.012207396671525	0.0091135350353193	0.036458129262562	0.061604588934032	0.021204703516265	0.05457004544998	0	0.025060228220236	0.030558206745214	0.19045788279074	0.14965314936429	0.12612845036563	0	0	0.060365617788338	0	0	0	0	0.6136062481365754	0.8029915981319521
MB.4792	0.0061016540714382	0	0.0033805253889456	0.023727803276383	0	0	0.0036837259894226	0.14690415531567	0.053711501783556	0.017167563518427	0	0.043308662641178	0	0.41423353274444	0.078992257146359	0.18875442363503	0	0	0	0.017871097889251	0	0.0021630965998967	0	0.6698829335527134	0.7547636936893976
MB.5008	0.042746224118253	0	0.011090351248399	0.033730263609313	0	0	0.011654598688438	0.15568865840363	0.049781658709668	0.024911864726798	0.0021628877286782	0.05716884395332	0.0063699754059285	0.16254736287712	0.12601921001197	0.078119951851788	0.028132361000027	0	0.20987578766667	0	0	0	0.701	0.0022729608352355306	1.0842731183696384
MB.5295	0.018410893233618	0	0.016867175138562	0.11737640009365	0	0	0	0.12598310972613	0.044195434913789	0	0.02455130585258	0	0.021967540619917	0.30382311853915	0.16363511655839	0.12539821425909	0.013068961758258	0	0.023718630393619	0	0	0.0010040989132433	0.135	0.09801319369762831	1.0704482723269353
MB.6058	0.013543250757274	0	0.06328414604292	0.15519179270845	0	0	0.052728269340274	0.056471418971284	0	0.040447338236997	0	0.03209110733604	0.0009	0.1435063671075	0.22693479921359	0.10297966345152	0.045062159713712	0	0.066818906083373	0	0	0	0.001	0.45845646822685215	0.8888152649259581
MB.6052	0.023693773533326	0	0.071536860759821	0.079428543603714	0	0.16611539708501	0	0	0	0.12666985859453	0	0.041150529457027	0	0.14293004592925	0.1362529442798	0.058831078266463	0	0	0.15339096849106	0	0	0	0.001	0.4298107863231744	0.9022862967318721
MB.5335	0	0	0.019919975265641	0.056198363403217	0	0.066339486835249	0	0.17487162022844	0.037498394228552	0.014904375079612	0	0.0026408157282021	0.0059104682831108	0.35571356172831	0.16566597849054	0.073817372074953	0	0	0.026519588654179	0	0	0	0.097	0.11395111506890138	1.0723557897930291
MB.5135	0.019703906136191	0	0	0.0060790960846329	0	0.055921288304345	0	0.099680761876139	0.0047076627560148	0.0091583366231718	0.063281726065938	0	0	0.37946299767707	0.064956541549783	0.10652374459688	0	0	0	0.19052393832983	0	0	0.204	0.07562496493056017	1.098752900557553
MB.5057	0.021799176461785	0	0.011495495487317	0.10231912105957	0	0.10777979430978	0.0005	0.059954950212677	0	0.028386655047555	0	0.0029616132017252	0.01350427966579	0.39587249032878	0.1431646627101	0.097628610678454	0	0	0	0.014638498704832	0	0	0.003	0.3496361854248209	0.953305604117392
MB.5102	0.0094512206659865	0	0.035932017866763	0.0060910069627521	0	0	0.014648397264028	0.20351633212337	0.0096275537328164	0.060055448593115	0	0.065166717811701	0	0.22448779883313	0.13685684132906	0.20747303338181	0	0	0.026693631435481	0	0	0	0.01	0.25404138013601046	0.989903442227328
MB.6272	0.055245449332757	0	0.0008	0.017374501007878	0	0.047702828112998	0.014268294817515	0.08929697577286	0.0034836087836851	0.0063003631546809	0	0.10598263041996	0	0.19797116210815	0.27473008498418	0.087580862021673	0	0	0.099273263257392	0	0	0	0.001	0.4330222305297179	0.9106390204627073
MB.6245	0.04300831129117	0.0056065967823801	0	0	0.12192374492478	0.072446876087796	0	0.067778814972333	0.094869054885889	0.066018763948451	0.003951802103229	0	0	0.30717520234958	0.20013549811035	0.0065863584549747	0	0	0	0.010498976089066	0	0	0.001	0.4093226122414936	0.9201573136657933
MB.4303	0.0037346385280768	0	0.019145021402089	0.17848289234687	0	0	0.031928373141224	0.14164672856934	0.095443886831607	0	0.030477270476827	0.017120214224327	0	0.25232178257201	0.12228868821923	0.053376803476799	0	0.0083489321592694	0.045684768052329	0	0	0	0.003	0.3640106747629337	0.937337789411475
MB.6336	0.040961937764136	0.0038292260250079	0.02716537355035	0.13728210291633	0.041344778218226	0	0.0074277394022069	0.14740650240226	0.020562918491864	0	0.0038939756472046	0.059276838310649	0	0.2082238459245	0.25340994133751	0.03793972621152	0.0007	0	0.010578855799668	0	0	0	0	0.4940656836531347	0.8715281371585158
MB.5208	0.05557161489882	0	0.0065179818868814	0.033019351836359	0	0.080374499883782	0	0.044943562438524	0.047852587332684	0.074931727323517	0	0.045291929445542	0	0.27250774635548	0.1682606168606	0.16325224444571	0	0	0.0074761372921078	0	0	0	0.001	0.4167339841403431	0.9120713327331226
MB.5440	0.010439216076096	0	0.0065102460339882	0.080674162883747	0	0	0.096346700256241	0.075561240696764	0.032564044243511	0.055168762279562	0	0.13316417881856	0.023610327124951	0.20387584830237	0.16226523640738	0.088904052347097	0	0	0.030915984529734	0	0	0	0.001	0.461141340864714	0.8876786287906068
MB.5346	0	0	0.02776390387337	0.069973029505478	0	0	0.1045354427362	0.14309358112822	0	0.028507154503385	0	0.055345288160626	0	0.30521548650666	0.12962524557012	0.11049602969444	0	0	0.025444838321497	0	0	0	0.204	0.0752973249300997	1.074524580289296
MB.6178	0.044768542499495	0	0.17214370140505	0.082876827242932	0	0.056820493247135	0.0094764712092813	0.10671732886393	0	0.005927695857615	0.021488976388664	0	0.0071039533231252	0.18460108210795	0.22488636817096	0.077509552817448	0.0045414574344504	0	0.0011375494319651	0	0	0	0	0.5479409708244061	0.8359810013582709
MB.4417	0.02272916868931	0	0	0	0	0.02204390126821	0.081907769055263	0.14006035636709	0.026236357242389	0.081191122580539	0	0.047837261515056	0	0.29076439272692	0.14177010773684	0.051883883874671	0.010036988939594	0.013289931697575	0.070248758306548	0	0	0	0.01	0.258431116878739	0.9879347889048119
MB.4332	0	0	0.045122050883058	0.18711984483749	0	0	0.071253597185101	0.12013709208736	0.091831247264635	0	0	0.12420451475791	0	0.26900592763383	0.067511972674805	0.019143620404529	0	0.0012736498921254	0	0.0033964823791569	0	0	0.006	0.3163028719689561	0.9666690691304555
MB.7205	0.032627140380906	0	0.014209736344392	0.052500515722073	0.010731453887605	0.011164478897797	0.016001441973218	0.097419660527398	0.0018281217616835	0.031535133920234	0	0.04429953306713	0.03622754007943	0.12062126760369	0.21260470601435	0.14835532076051	0.065928295871035	0	0.10394565318855	0	0	0	0.001	0.41262836709340767	0.9119033695627411
MB.7159	0	0.052847815946643	0	0	0	0.11551124169978	0	0.16136739467563	0.08069691292798	0	0.049078766890305	0	0.043994116065147	0.32278188866428	0.0077266413548687	0.015375961745654	0.034120887143021	0	0.085199907797286	0	0.031298465089396	0	0.344	0.04578883896948432	1.0732853235295603
MB.6143	0.046207292604055	0	0.12141906535256	0	0	0.035785394399836	0	0.025624144462495	0.0020853015147232	0.022945383809693	0	0.011063655732853	0.024153752074042	0.23127652908753	0.045911583098872	0.27706973221178	0	0	0.132232513526	0.024225652125564	0	0	0.003	0.3655184735289983	0.9346367875586126
MB.5225	0.0067482582741708	0	0	0.25031689150908	0	0	0.056857065970623	0.082098428860324	0.009833806207083	0.16221064778028	0	0.042068896125522	0	0.20160382663377	0.089735920843773	0.069027997572608	0	0	0.029498260222768	0	0	0	0.006	0.31891335226507905	0.9675982844157587
MB.4024	0.012046066740528	0	0.056550562141685	0.028962636988823	0	0.020720897820134	0.0007	0.10863178425979	0.027021219812113	0	0.019725481475075	0.02275646323849	0	0.28942213781386	0.074406391451412	0.30568520377244	0	0	0.033348339715068	0	0	0	0.009	0.2833488396243693	0.9783188589516428
MB.6242	0.0001	0	0.022897976568744	0.14789667259082	0	0.095951681152066	0.047082027424024	0.075751812626553	0	0	0	0.13012178056544	0.038856665418157	0.13731895719365	0.081001667861875	0.17424013866897	0.017727748863894	0	0.031008965418076	0	0	0	0.013	0.23747195712531716	0.9955240748344041
MB.5173	0	0	0	0.016774879720503	0	0.052849934421688	0	0.012755527730446	0.012884985342333	0.034784045950701	0	0.0026807399339014	0.058131501795102	0.52721307679655	0.08746471788447	0.13647718808686	0	0	0	0.05798340233745	0	0	0	0.6797426439469765	0.7378195593421573
MB.4931	0.018761673849064	0	0	0.22556893024417	0	0	0.035624633280271	0.047029139484712	0.016752053416634	0.14318844721089	0	0.1350627800959	0.0096734957796951	0.13799272468158	0.098524050718214	0.061796341932907	0	0	0.070025729305956	0	0	0	0	0.48683852106101566	0.8746240761072404
MB.7045	0	0	0.053109433351167	0.13028610202786	0.012779830423155	0	0	0.058421407248177	0.015241626844981	0	0	0.093111308115544	0.054002465678756	0.051424804192018	0.11659154919891	0.23872556476976	0.061900866886131	0	0.11440504126354	0	0	0	0.003	0.3684851885409999	0.929843079957791
MB.7049	0.071456808777558	0.016166929873929	0.045770911685442	0.28086649185966	0	0	0.0061252041231661	0.18681738817836	0.0054615301734555	0	0	0.081111074134527	0.014936524710464	0.078979674015051	0.056572840857337	0.10586040974583	0.0085258542636525	0	0.041348357601562	0	0	0	0.228	0.07010946142715724	1.0778666928817482
MB.7031	0.018945128817412	0	0	0.11405672625506	0	0	0	0.10955698791628	0.072532608079188	0	0	0.1694759989007	0.0057258626711964	0.022971489963516	0.029916339225632	0.25946493033721	0	0.14969704469438	0.04062995192728	0	0	0.0070269312121436	0.079	0.12988867739070212	1.0492383211185323
MB.7078	0	0.0065586837986538	0	0.093472231518502	0	0	0.047847481264608	0.025916847243772	0	0	0.021159175359997	0.045667691157733	0.030183895983686	0.29088132447487	0.053381180067002	0.35732972802545	0.0064868570437802	0	0.021114904061941	0	0	0	0.005	0.3272430002225102	0.9615000422972767
MB.7038	0	0.008348123676856	0.044705455184527	0.031630104762965	0	0.11446380513016	0	0.079445901659863	0.022299506397397	0.077412686752841	0	0	0.011384055294788	0.2316003631137	0.10864069175086	0.14358914447646	0.020501408136118	0	0.10597875366346	0	0	0	0.003	0.34819855786314785	0.9399824153123533
MB.0399	0.001748914604812	0.017687293474283	0	0.030018088614615	0	0.15878662118545	0	0.023202451822922	0	0.073679992436141	0	0	0.034820836562681	0.2588959076446	0.088300686161009	0.25750532550507	0	0	0	0.05535388198842	0	0	0.006	0.3060647653988192	0.9666669853354479
MB.0191	0.0076240694809226	0.026203366759648	0	0	0	0.053911083119134	0	0.041005332559079	0.02076659914178	0.091652522939569	0	0.057382325983393	0	0.37113064015504	0.089941233433747	0.22308371825841	0	0	0.01729910816928	0	0	0	0.007	0.29382679969336944	0.9814014975081004
MB.0639	0.017860746724866	0	0.012581176894201	0.1034086973785	0	0	0	0.082492787296008	0	0.027886773432471	0	0.058223358403433	0.03012322242853	0.12861762336141	0.046402326839077	0.33687229711307	0.010544938780324	0	0	0.14498605134811	0	0	0.034	0.18519455606689494	1.022729185203581
MB.6251	0	0.065339739086105	0	0.045585451279744	0	0.021079856968707	0	0.041250274223412	0.032348761526063	0.013503769973425	0	0.066640229214204	0.016797388097625	0.39455771849757	0.051489074757569	0.20891202705653	0.015968224772521	0	0	0.021352136181353	0.005175348365174	0	0.006	0.3189084359686582	0.9680846210205418
MB.5450	0.066692580053676	0	0.0019837366191341	0.06079854574974	0.0043193873554716	0.176718299382	0	0.028342815185312	0	0.041736690333988	0	0.031220435855324	0.024142035796489	0.1040630966104	0.2712602411803	0.11274587357188	0.036180300737922	0.001	0.038812454482981	0	0	0	0	0.5833101345375418	0.8124988280057683
MB.5155	0.0079000288865989	0	0.0083404542276498	0.045479907822095	0	0.040749167023385	0	0.028917973877812	0.01437458653321	0.061029552563006	0	0	0.011906755281456	0.29006308373706	0.068705407654417	0.10688739622441	0	0	0.27212236745518	0.043523318713724	0	0	0.002	0.37226887159744737	0.9338877821126044
MB.0100	0.021215304554741	0	0.023390122628051	0.01994586295695	0	0.12678221639546	0	0.11091152644897	0.004007481980205	0.089638777662903	0	0.031279218408598	0.027471878310525	0.23111560798824	0.12167554929378	0.095800225278058	0.05840559607677	0.0008	0.037540533122675	0	0	0	0.023	0.21195043907487823	1.0032306764168093
MB.5572	0.029848655070756	0	0.13122142408606	0.082438838445224	0	0	0.028843952407184	0.069693829853204	0.018143209491047	0.066316449929108	0	0.070308145731981	0.028131452669916	0.26128652941512	0.13380220762185	0.021722826219925	0	0	0.058242479058628	0	0	0	0	0.5876936490793792	0.8180038935303985
MB.5655	0.072127696889083	0	0.047601570708851	0	0	0.016266654065572	0.076331199697646	0.058526807475879	0.036546510840346	0.034195276163951	0.012805883112764	0.023026939959867	0	0.4129794487207	0.10361545315823	0.058173319162588	0	0	0.047803240044516	0	0	0	0.084	0.1268407998791912	1.054316888736015
MB.5633	0.053398252530348	0.03099620048652	0.2521305133351	0.061162260825337	0.078180582913045	0	0.0050513516863034	0.10266178254097	0.025676697531773	0	0.014760639009689	0.047490477151077	0.01091273493923	0.13578422564705	0.14319360276475	0.034077621265809	0	0	0.0045230573730053	0	0	0	0	0.5684899211861683	0.823648702192955
MB.0627	0.026669212901474	0	0	0.055971749540574	0	0.15875893441788	0.030286605709854	0.023511937496185	0	0.10202875418463	0	0.10411428241188	0.023380654928498	0.037769080063976	0.14409812001254	0.16595659467128	0.019432659848992	0	0.10802141381225	0	0	0	0.001	0.4281472462578276	0.9039641468624878
MB.5624	0.067219479886379	0	0.28993576583518	0	0	0	0	0.11352759806948	0.022840897769978	0.043666218807915	0	0.029095068507364	0	0.19727702497385	0.11756121174925	0.11252894639998	0	0	0.0063477880006162	0	0	0	0	0.47839833662956877	0.8782760200128543
MB.5566	0.04994349775578	0	0.15135355622369	0.032733929518143	0.041140606278386	0.077935661209214	0.020026946801645	0.13231427757625	0.026579358632665	0	0.057982435682943	0.015570120598643	0.017961898931379	0.2472385071958	0.064696622075752	0.02792230145612	0	0	0.036600280063598	0	0	0	0.003	0.36850585401486385	0.9314510154773618
MB.0414	0	0	0.0092230627433713	0.16643349782782	0	0	0.0061349600641046	0.094804910544954	0	0.028530203439707	0	0.1705750302371	0.021164290202071	0.16605974669426	0.15052686705772	0.1330397128845	0.015036838559881	0	0.038470879744499	0	0	0	0	0.5239498244916417	0.8510440704773019
MB.0396	0.030058832976428	0	0	0.28848608670004	0	0	0.11215892346477	0.090163107211129	0	0.028301562587169	0	0.12249468267175	0.022671963107766	0.11282912028134	0.104170312534	0.082279777291134	0	0	0.0063856311744616	0	0	0	0.01	0.2692363009709265	0.9963755718914935
MB.0874	0	0	0	0.088703582615734	0	0	0.028781171330058	0.076751540241897	0.014110566341464	0.050536934277031	0	0.10726329133696	0.035837874618144	0.32668216746441	0.064648626414137	0.18498656440496	0	0	0.021697680955206	0	0	0	0.033	0.18754482709185924	1.0294107219797048
MB.0269	0.0024908205619202	0.013219200515411	0	0.028683320430214	0	0.059959253763119	0.0077825626518701	0.0179284787858	0	0	0.016524167347599	0.0072165232802733	0.16665892286398	0.132363020785	0.028035523303253	0.39225753976907	0.059627670607282	0	0	0.067252995335217	0	0	0	0.4976907545882728	0.8676223578008743
MB.0901	0.013983735053768	0	0	0.063701499962327	0	0	0.010733095550415	0.033312479834243	0	0.17213680595121	0	0.033836277365501	0	0.36970714232057	0.10274170867866	0.15392266622955	0	0	0	0.045924589053746	0	0	0.003	0.34762727765802987	0.9548496850992854
MB.0464	0.052325092906726	0	0	0.04308262000213	0	0.17209127624858	0	0.08573381907461	0	0.11570460317757	0	0.076251754074514	0.040734275520625	0.060625308514464	0.17526396530501	0.1102017513843	0	0	0.067985533791478	0	0	0	0.001	0.40764851509836286	0.9164262859043463
MB.0163	0	0	0.0028086688925545	0.026494776168779	0	0.080331071877674	0	0.080314863755785	0.0259349808365	0.020420723963646	0	0.041465955446047	0.0058481446603242	0.18465948714161	0.059463758452619	0.46191022372542	0	0	0.0060431910501099	0.0041678464071596	0	0.0001	0.02	0.21993193165792996	1.0142486527446182
MB.0149	0	0.0067436009470479	0.0026456483516914	0	0	0	0	0.10962143298185	0	0	0.024497734538385	0.0066724364142259	0.062511916185251	0.58086633694484	0.0046577989105271	0.058258669116167	0	0.028324469461655	0	0.11519995614836	0	0	0.002	0.37741809956605304	0.9572111959889819
MB.0350	0.027214284754412	0	0.0031101551118084	0.050740714988351	0	0	0	0.099560234034992	0.029340547477669	0.0095826164966981	0.013556532541033	0.00256548093105	0.004689819079118	0.43227224367102	0.039210232846028	0.23055710965258	0.0005	0	0.057115190759892	0	0	0	0.002	0.3872334188835624	0.9334234007271287
MB.0303	0.012197584998832	0	0.10977922406797	0.089065091158506	0	0.022848472634023	0.023210221168498	0.13543899511971	0	0.059359873346284	0	0.06121424785848	0.044174666254071	0.064576834136794	0.14692087840983	0.14222069312061	0.023906287200685	0	0.065086930525717	0	0	0	0.002	0.3900373097338635	0.9209125820055893
MB.0436	0	0.015787804619172	0	0	0.0042924133120692	0.019544158520046	0	0.028224912058089	0.030783706602321	0.035998234377637	0	0.034305726490775	0	0.34201418516666	0.072735604196587	0.37506394860857	0.012432064639084	0	0.0002	0.028640318490754	0	0	0	0.5412593512188264	0.8407173068090334
MB.0588	0.021761835438125	0	0.035388879876809	0.032699339914539	0	0.25326589500479	0.02010808517626	0	0.018677594576699	0.019262276694203	0	0.02266110343972	0.061606610307167	0.0044453897056874	0.1164817565003	0.14296694477026	0.1237271654645	0	0.12694712313095	0	0	0	0.01	0.255875739375339	0.975501101069715
MB.7119	0.020570313427604	0	0.036119537454645	0.022848767471761	0	0.056792141570239	0.042288526904944	0.1206004158602	0.014362702929974	0.10711601616834	0	0.085033060200384	0	0.19517899307751	0.13546450035571	0.095102971448326	0.0043671886078877	0	0.064154864522474	0	0	0	0	0.46461171217028463	0.8845895390847318
MB.7012	0.0092543328644724	0	0.023261540771741	0.025264776625043	0	0.038409496800503	0	0.056909571598103	0	0.023533862172052	0	0.022002310451447	0.017711420575408	0.53797611548424	0.047682352382815	0.079300999936178	0	0.015723271294742	0	0.10296994904325	0	0	0.006	0.31380784538796225	0.9892104613331374
MB.0174	0.032771582292325	0	0	0	0	0.097427610850943	0.012253192015771	0	0	0.0006	0.016810336307789	0.017498154657121	0.025012094896007	0.57360012723845	0.031734818654411	0.16838756214089	0	0	0.01708063805983	0.0002	0	0.0066884521012955	0	0.7030152152855406	0.717515514441491
MB.5547	0	0.012827119681953	0.0058824773399579	0.017780883035112	0	0	0.007297788238346	0.18219344080434	0.02341148890924	0.058548386059755	0.039133021685302	0	0	0.46172547318396	0.092199384543868	0.077175334029927	0	0	0.021825202488243	0	0	0	0.281	0.05854227566860071	1.103903716670926
MB.5465	0.080295721012544	0	0.016538910083335	0.021129491835288	0	0.073536954745579	0.0020489831670644	0.075263747172351	0	0.042260867128323	0	0.035436266427104	0.0025238734771834	0.31050451138702	0.18180322305705	0.11181225215835	0.018535874822566	0	0.028309323526245	0	0	0	0.023	0.20922927503717245	1.0206577597090862
