Input Sample	B cells naive	B cells memory	Plasma cells	T cells CD8	T cells CD4 naive	T cells CD4 memory resting	T cells CD4 memory activated	T cells follicular helper	T cells regulatory (Tregs)	T cells gamma delta	NK cells resting	NK cells activated	Monocytes	Macrophages M0	Macrophages M1	Macrophages M2	Dendritic cells resting	Dendritic cells activated	Mast cells resting	Mast cells activated	Eosinophils	Neutrophils	P-value	Pearson Correlation	RMSE
TCGA.A2.A0YE	0.088816393921544	0	0.12999072765759	0.03099642892448	0	0.13135945987092	0	0.088700146079007	0.0023940107798451	0	0	0.017414402859432	0	0.19123402925267	0.13296378408034	0.14022526548123	0.012421769496976	0	0.033483581595963	0	0	0	0.005	0.30302336518998385	0.9646291064090499
TCGA.AN.A0AL	0.14318678798526	0	0.076282864068668	0.028974414830506	0	0.21962727908538	0.025029516731794	0.071193847969553	0.013000127880072	0.002262254319112	0.0059104701417226	0	0	0.20203549479307	0.048355006140201	0.080037086677889	0	0.041172834734018	0.042932014642757	0	0	0	0.005	0.3048114533352762	0.9598391100859004
TCGA.EW.A6SB	0	0.028650999279816	0.11683172993331	0.13481708763171	0	0.067523032780737	0.06024822378714	0.093445526228873	0.13026120299951	0	0	0.020527144137475	0	0.1391548727904	0.085457687138082	0.034098572180547	0.085677158252045	0	0.0033067628603602	0	0	0	0.007	0.2622577949445731	0.979963299062181
TCGA.BH.A1EW	0.064322739093984	0	0.016324302023706	0.12048514846688	0	0.29426751710026	0.077117309288418	0	0.0033032239753563	0	0.006938451655112	0	0.036983742331916	0.0087964448847208	0.13162686809996	0.10564035438314	0.013534629886205	0	0.11331864865259	0	0	0.0073406201577583	0.007	0.2801974524936476	0.9706923775950719
TCGA.AR.A1AR	0.02041535578318	0	0	0.018255159490128	0	0.17373004050251	0.03783689197383	0.020144502332667	0.013642506090072	0.048740003826803	0.012134123872449	0	0	0.38076162009861	0.095286976714901	0.17905281931485	0	0	0	0	0	0	0	0.6337828239701482	0.7823458961419472
TCGA.D8.A13Z	0.079182498772705	0	0.007210377127546	0.037146033056889	0	0.10509515719983	0.031956317213271	0.042435172577993	0.034756415000589	0	0.0067483631559775	0	0	0.30972469841761	0.059589895986026	0.20790373524584	0	0.04563722360825	0.029142667902375	0	0	0.0034714447351	0.001	0.41010919587678557	0.9131865489579071
TCGA.D8.A1XQ	0.013134009174313	0	0.071227363523702	0.072251647219362	0	0.12074551349016	0.035456597928657	0.035025042731403	0.018427646307803	0.0069957143562346	0	0	0	0.29528626268296	0.11035323079726	0.2067592745334	0	0	0.0063871970574437	0	0	0.0079505001972992	0.047	0.15026279361877193	1.040048579273111
TCGA.BH.A0BG	0.064147361409505	0	0.0041308971471353	0.16846297395415	0	0.076324443339136	0.015974109421894	0.076709398934736	0.064603118721731	0.023988440962429	0	0.035093675139205	0	0.092606827265166	0.24610601359653	0.071777977249365	0	0.025019344977154	0.035055417881869	0	0	0	0.001	0.4127214743472128	0.9189651050398313
TCGA.S3.AA15	0.098504872571706	0.014833987933355	0.367366729303	0.10643021218573	0	0.069861460664053	0.0067794396361562	0.0090641915822062	0.051336654760014	0	0	0.019931857683738	0.0063822943167874	0.092475789688917	0.025375690790285	0.071980511867334	0.0053002345644189	0	0.051664197875082	0	0	0.0027118745772105	0	0.4920252971126364	0.8833012118950666
TCGA.OL.A66P	0	0.057008227086693	0.056580691165327	0.27147345154863	0	0.034911801708863	0.034680639629297	0.07564143839907	0.06918355006682	0.010573943919255	0	0.03638945099935	0	0.09986737660442	0.056148562345303	0.10302946511849	0.023681002894612	0	0.070830398513868	0	0	0	0.026	0.1863130337573996	1.0123751582652902
TCGA.EW.A1P8	0.01674067859845	0.0007	0	0.081594199146478	0	0.11747333050176	0.012786119094112	0.045564690485372	0.038547383034934	0	0.0016522074931193	0	0	0.14330864562683	0.052717940733071	0.27201005713147	0.09121885948807	0	0	0.1194582745778	0.0016067133018066	0.0046661937701807	0.011	0.24319772424669928	0.9890595900111985
TCGA.A8.A07C	0.051926682660403	0	0.02589890576522	0.089913819628098	0	0.17320734111372	0.096180492834678	0.040995044230313	0.017263348379969	0.032050467275132	0.026238697728248	0	0	0.12479115022457	0.070789694610835	0.22443318624605	0	0.010748508351924	0.01556266095085	0	0	0	0.033	0.1667145731797973	1.0157217443546123
TCGA.E2.A14N	0.048733310240706	0	0.0025937092660875	0.070061995206728	0	0.35466819411239	0.073609388888862	0.041185313637299	0	0	0.0098339258910286	0	0.0001	0.065565570005833	0.20149845540864	0.072691161043288	0.010650360791973	0.039157395595225	0.0096150952349607	0	0	0	0.001	0.3931756883580642	0.9265192353958938
TCGA.A2.A0T0	0.05149776675946	0	0.0074901792238009	0.045231402882695	0	0.15453664794268	0.0031583929692656	0.065757674118738	0.065215863108051	0	0.020849642268782	0	0	0.3162315389985	0.11294791735996	0.14050776443225	0	0	0	0.013242595603205	0	0.0033326143326115	0.005	0.3050646596116594	0.9674863925215141
TCGA.A7.A6VW	0.12144525432526	0	0.076478928724433	0.012145135991456	0	0.060454380724461	0	0.087807256916051	0.026204548639162	0	0	0.023872147511885	0.040771236472985	0.26095415919746	0.072621466489602	0.10418731102575	0	0.08563635042005	0	0	0	0.027421823561444	0.002	0.3636145482897671	0.9350167013536588
TCGA.A2.A0T2	0.044376857831985	0	0.0031750965741245	0.23063402396162	0	0.044944690687893	0.027603431723343	0.089675585849483	0.024050877029496	0.012391054324414	0	0.0090440697354398	0	0.17807833932146	0.11032526696943	0.16898353443164	0.0046997697405955	0	0.026042955900127	0	0	0.025974445918948	0.028	0.1780927532818194	1.019428550658207
TCGA.BH.A0AV	0.088174486760932	0	0.034550921660839	0.013837066149445	0	0.0731936203725	0.012120864819096	0.0041807475360306	0.017043527112342	0	0.008741623916551	0	0	0.57527360675112	0.023182776518155	0.11775651688781	0	0	0.031944241515185	0	0	0	0	0.4952588157789368	0.8757378960630315
TCGA.D8.A1JG	0.042594854711639	0	0.093836169955614	0.06438980592998	0	0.19000428241047	0.054916682908523	0.052447106096003	0.0154226947558	0	0	0.020603794723685	0	0.12259042758842	0.096121639785007	0.18107739875656	0.0090756375654045	0	0.056919504812897	0	0	0	0.011	0.24206422538947958	0.9837327311536633
TCGA.OL.A5D6	0.03918300269079	0	0.007697305927032	0.057468756827908	0	0.22108840139933	0	0.036796818827252	0.0060347660584619	0	0	0.0057918570036137	0.02049176944692	0.034242141157593	0.11888106712466	0.29242545437022	0.042602796059231	0	0.11729586310698	0	0	0	0.079	0.11712204919990273	1.035349753127501
TCGA.BH.A0BW	0.061953619340815	0	0.0016065509937803	0.0511508234759	0	0.19210126156228	0.043569669142894	0.055358378876165	0.016054344820111	0	0.021997612488299	0.016433314284638	0	0.12638679113866	0.2200602944072	0.14846532365565	0	0.013491602810309	0.020793097365675	0	0.0074807176695999	0.0030965979680294	0.005	0.29744422965225936	0.9740696533252764
TCGA.BH.A0RX	0.039470294572467	0	0.0040365554930852	0.19204199319635	0	0.073684180882086	0.057908788400894	0.054669510302128	0.062458426829135	0.014185965714039	0	0.016552291337908	0.012328008793275	0.16052510882474	0.15845192370005	0.08460275489647	0.032236266970467	0	0.036847930086909	0	0	0	0.107	0.09847496625979126	1.0568797059849766
TCGA.AO.A0J6	0	0	0.0053595165284116	0.22626574329613	0	0	0.018670513052499	0.073750151559045	0.049633176459249	0.085122470745739	0.03358001928016	0.014899751069755	0	0.10202279878276	0.13474339073849	0.075578632451922	0	0.15812088675387	0.022252949281979	0	0	0	0.001	0.41190547182269954	0.9163635977703495
TCGA.AO.A128	0.01113834218489	0	0	0.28483246099955	0	0	0.12693350470955	0.049573237434011	0.03439500688289	0	0	0.030574613301543	0	0.056413131991833	0.19040032599672	0.16293258048264	0	0	0.048744669225188	0	0	0.0040621267911791	0	0.511484788337933	0.8587982984351897
TCGA.AR.A0U4	0	0.0013720216216371	0.0004	0.022949299915285	0	0.084033522627255	0.006116907628425	0.0073488109849433	0.0045596331625038	0	0.013032320850317	0	0.020994844684306	0.53201277488225	0.18644183299886	0.081261584018543	0.019811334364941	0	0	0.017734570736459	0	0.0019350936123053	0	0.5919653885316376	0.8066125608572589
TCGA.E2.A1LI	0.063814519058832	0	0	0.034034117749577	0	0.14489288834206	0.013225394906995	0.093822394679567	0.034115459698269	0.0012195945729322	0	0	0.024840759373904	0.33166128070793	0.17453687088761	0.078674551228058	0	0	0	0.0051621687942707	0	0	0.032	0.16820409299735578	1.0417713253860603
TCGA.AR.A0TU	0	0	0.0024882562683924	0.16343545551718	0	0.011231519124993	0.15597492831988	0.066195637299704	0.019465817498204	0.0064081626314641	0	0.014025343708985	0.0010247700638616	0.16057928264118	0.08010581388825	0.12605028932407	0.035417451293481	0.13266939587579	0.024927876544565	0	0	0	0.002	0.34011802303038235	0.9444654551930696
TCGA.AR.A1AQ	0.028478981341746	0	0.059920266577851	0.14942463991568	0	0.033323149071207	0.099913784926292	0.08404186981139	0.026630805870135	0.0060218321551853	0.0031193509702746	0	0	0.20305833060122	0.11090873617911	0.12824790339025	0.03147947924937	0	0.035430869940286	0	0	0	0.038	0.16020871432760858	1.0199984853208395
TCGA.A1.A0SP	0.053093525393407	0	0.047089452102625	0.039964082844405	0	0.1486478415615	0.003483399332034	0.048823591366178	0.035810754531224	0	0	0.027232323519739	0.011630303142239	0.29285999893631	0.064079122043123	0.087181307042296	0.092510214651239	0.0041604245451735	0.033108176225103	0	0.009828563829513	0.0005	0.017	0.2108353274844088	1.0022305517374681
TCGA.A2.A3XS	0.12173214602224	0	0	0.10375913724869	0	0.18831580064015	0	0.082872774441181	0.12654160755811	0	0	0.037761464783865	0.0077477583839173	0.096955384398925	0.08532175658111	0.097644183567591	0.0050210200552409	0	0.046326966318976	0	0	0	0.011	0.2434677687612327	0.990684192041943
TCGA.AN.A0AT	0.075761426050965	0	0.0003	0.10887780149416	0	0.17751653428525	0.025670508821152	0.065239814990577	0.037054051656403	0	0.0001	0	0	0.28970915533843	0.1223298473104	0.093190261418933	0	0	0	0.004209596335737	0	0	0.019	0.2095005964753489	1.0127784039279204
TCGA.GM.A3XL	0.0069011476418409	0	0.079248133098497	0.17755566100119	0	0	0.13343014744598	0.09171939007235	0.023969206810756	0	0.068624370663017	0	0	0.12147123903554	0.11062071984465	0.092802020715212	0.036348477563397	0.027604280522509	0.029705205585053	0	0	0	0.017	0.2152700632149638	0.9971443972764996
TCGA.AN.A0XU	0.066682933626138	0	0.034195626335205	0.10305941875715	0	0.018040155046488	0.071392735704492	0.086572805569455	0	0	0.033223820091761	0.014047091508279	0	0.27778627579858	0.10730602926286	0.13605114840641	0.031702102505453	0	0.019939857387728	0	0	0	0.016	0.22168380084818656	0.9995627636193836
TCGA.A2.A3XU	0.083974361027622	0	0.17425327465705	0.088157873799042	0	0	0	0.077832518873038	0.019903185726689	0	0	0.023818022684164	0	0.35475064373979	0.028325050718871	0.14431437090235	0.0046706978713766	0	0	0	0	0	0.011	0.24875370419925247	1.0058085884728434
TCGA.AR.A256	0.031953272277994	0	0	0.030624119517266	0	0.11669706639579	0	0.066493414421462	0.032657159829573	0	0.014903768828637	0	0.022136429347686	0.30222940011268	0.068617527669156	0.10127454648675	0.071898960569783	0.136895913897	0.0036184206462205	0	0	0	0	0.4271902367826999	0.9049713264796684
TCGA.EW.A1P1	0.043570724950126	0	0.0029150186790694	0.12208773449129	0	0.13916566252774	0.019549147474743	0.032510771721049	0.032726021894316	0.0056837470759785	0	0	0	0.29516154858385	0.11864569543144	0.097144249304331	0.049417903430058	0	0.041421774436002	0	0	0	0.009	0.2557919293120506	0.9877953404083999
TCGA.C8.A131	0.024299992082522	0	0.0092558803079812	0.082441116094587	0	0.10996004062077	0.023803721446237	0.045443804635017	0.014011847621408	0	0.017373249291974	0	0	0.51001607079308	0.025411319987551	0.11359491519834	0	0	0.022817386366942	0	0	0.0015706555536001	0.049	0.14749126681759298	1.070933862090232
TCGA.E2.A573	0.038147548278059	0	0.021317918142875	0.1023770216093	0	0.10647458937806	0	0.093547146506654	0.085895405594498	0.035764420442887	0	0.024062329220116	0	0.23348575757049	0.13212917470801	0.098372882818662	0.012707373375072	0	0.01571843235532	0	0	0	0.07	0.129771290556548	1.04512524003625
TCGA.BH.A18V	0.013223704056788	0	0.0055815565838948	0.0060073149737294	0	0.11873757090688	0.0007	0.055519974617881	0.030409057701969	0	0	0.022236287219871	0	0.44331094714689	0.10557592364767	0.15663298370944	0	0	0.042050979502691	0	0	0	0.002	0.36207317947095335	0.9490386759084742
TCGA.B6.A400	0.0032924403834209	0	0	0.02619581057052	0	0.071497329259229	0.0021038434807271	0.070396815680548	0.045186468067522	0	0.010527194304799	0	0	0.38425750396434	0.05134799971818	0.054005571406173	0.17283640810354	0.10722938331223	0.0011232317487707	0	0	0	0	0.5516001707889865	0.8344760277775577
TCGA.C8.A12V	0.0028962263952682	0.019238056091463	0.028134083725982	0.20015754624002	0	0.079411814660989	0.036366409330817	0.069135256974813	0.047150818011127	0	0	0.043872775082578	0	0.097712971278792	0.19131198725655	0.09181419109307	0.062240527591438	0	0.030557336267092	0	0	0	0.041	0.1558027788736784	1.0382861962331658
TCGA.BH.A1F6	0.042203943893325	0	0.027214272615919	0.12641181563088	0	0.093193440511657	0.064516069815634	0.049270851537149	0.013604438373624	0.001	0.0001	0	0	0.26226993195904	0.087203026551395	0.20382146261222	0	0	0.015541766928203	0	0	0.013692750121221	0.017	0.2165722320059323	1.0030002493495165
TCGA.A8.A08R	0.031513569344612	0	0.013361393708687	0.065408777883011	0	0.12670630220655	0.056425163455656	0.052148009239849	0.028748516935285	0	0.017715638795629	0	0	0.31130164981667	0.14424979070997	0.11834438987475	0	0	0.034076798029336	0	0	0	0.038	0.15959397939502998	1.0360090188006674
TCGA.GM.A2DH	0.078936082125193	0	0	0.15386057770606	0	0.1883715424917	0.04813948612744	0.059767459276778	0.079441283054248	0.014566307625483	0	0.0057992546723739	0	0.13458448056034	0.092441777083022	0.088426302127807	0.02074154162816	0	0.034923905521397	0	0	0	0	0.4299103787474117	0.9021987243413924
TCGA.E2.A1AZ	0.092655932562565	0	0.023972723237795	0.081840087353425	0	0.32056521325314	0.07500703351022	0.05630325542728	0	0	0.015612009983337	0	0.033792476471383	0.035775257577418	0.1348231236579	0.060893798384214	0.014452068440903	0.013561606887166	0.040745413253255	0	0	0	0.002	0.3475598852400248	0.9427611471025876
TCGA.D8.A142	0.0046939105426282	0.014083662240932	0.1232173175834	0.089000406041989	0	0.11040036773558	0.015514471202549	0.05852518211837	0.025970484102373	0	0.011252618985247	0	0	0.31644127395823	0.069075761235153	0.11917707699705	0.019901598184848	0	0.022745869071646	0	0	0	0.013	0.24081164116622852	0.9953048634266322
TCGA.E2.A574	0	0.018433733832912	0.0050403904167644	0.16240629957587	0	0.076651556618439	0	0.024867031889598	0.043416076836863	0	0.01305639258475	0	0	0.59107608472227	0.0045895469254366	0.056661903345446	0	0	0.0038009832516496	0	0	0	0.043	0.1546186531609456	1.087703302229768
TCGA.A7.A6VV	0.05939292809999	0	0.031651415495065	0.020318695718686	0	0.075316564472784	0	0.024069385479713	0.039186366742564	0	0	0.0046036297162617	0	0.54947036974186	0.081822554819489	0.09222886012922	0	0	0.021939229584366	0	0	0	0	0.43097272195725245	0.9153719622880808
TCGA.A2.A0ST	0.046947697291265	0.051710747646629	0.038655535498745	0.15039973021862	0	0.13537186325568	0.016242650620602	0.09651448700845	0.055443171010153	0.0071254882163246	0	0.013296768176929	0	0.074337735098034	0.13785727532999	0.032026705079937	0.1002023710437	0.0095939670092764	0.032943202542448	0	0	0.0013306049532183	0.011	0.24576711470853896	0.9884683445412862
TCGA.E2.A1B6	0.12290254101563	0.056943344067002	0.036544478594058	0.15094916808913	0	0.060003098017599	0.096990288608374	0.052291562166262	0.14105844550318	0.028372037718004	0	0	0	0.085029476849102	0.10340699737037	0.033860558878262	0	0.011525336067136	0.02012266705589	0	0	0	0	0.4731184238887084	0.8802723769748385
TCGA.LL.A441	0.28695365026292	0.037048604701436	0.052546662375108	0.090663345811438	0	0.088653062449641	0.023817264748277	0.061864245850595	0.074360109036226	0	0	0.011326573349162	0	0.13499336627625	0.072513915701704	0.050699117643555	0.0015507224001323	0	0.013009359393562	0	0	0	0	0.6340327781598194	0.7839551266656556
TCGA.A2.A04P	0.085730404596138	0.026694161635983	0.065576961274372	0.069216973160546	0	0.20061839150376	0	0.12968766741103	0.057800572045865	0	0	0.014325855991672	0.011726683731748	0.042375645382272	0.15480882326779	0.069805635126272	0.0060225511532605	0.027232119575072	0.038377554144222	0	0	0	0.007	0.26006674547875075	0.9875558936709755
TCGA.BH.A0BL	0.17441053284242	0	0.03131382800868	0.028445403699627	0	0.22256112984636	0.040714401505009	0.056204113272029	0.02194292622818	0.022936764475169	0.0061903807624639	0	0.0012502554632079	0.078696028925056	0.14289145336087	0.061074572474164	0.079031176340717	0	0.032061917042491	0	0	0.0003	0	0.4985079888998128	0.8681937278812427
TCGA.E2.A1LK	0	0.03855671997054	0	0.043018048491156	0	0.0030328895606352	0	0.030906293403586	0.034574385821753	0	0	0.026727242793949	0	0.59433152359224	0.01004901533726	0.14101816956568	0	0.059457071593864	0	0.018328639869337	0	0	0.095	0.10626073963192462	1.1273297790175079
TCGA.E2.A159	0.062603801860508	0	0.012566288540727	0.1598545587873	0	0.1558441914349	0.11513242398777	0.01675594620137	0.0064151176232147	0.016583662034605	0	0.0007	0	0.095974952773335	0.087675640714986	0.15486834693344	0.046661042892982	0	0.068382813959919	0	0	0	0.032	0.16729559879501815	1.0121107514831647
TCGA.A2.A04T	0.10561169935572	0	0.041769659235712	0.18080725507022	0	0.025441277743574	0.087587822501614	0.099247233527667	0.029636574498317	0	0	0.012839382597132	0	0.19310298749901	0.082108838691135	0.10001450274789	0.032854747194256	0	0.0089780193377403	0	0	0	0.002	0.3671446078704147	0.9311566531936604
TCGA.A2.A3XY	0.08992889012224	0	0	0.023059076122885	0	0.11496446640152	0.0097526199569466	0.10100118998899	0.076230712632768	0	0.0080549205845216	0	0	0.32574621386103	0.13745427354172	0.068438920319696	0.0090608944735042	0	0.036307821994175	0	0	0	0	0.49618680457493164	0.8676856561587661
TCGA.E2.A150	0.0071597505518311	0.0018119595917576	0	0.006396129667272	0	0.17005249407763	0.0079239353002592	0.09216320694841	0.051900697812336	0.0002	0.011018947084413	0	0	0.37657565645017	0.15039815547482	0.083619282989724	0.014888766809583	0	0.025882271028279	0	0	0	0.002	0.3532013251229529	0.9490025650477462
TCGA.GM.A2DD	0.041617929144413	0	0.0001	0.11638014917969	0	0.20185027427638	0.070699365548578	0.036444935408782	0.052200435339988	0.018117322447379	0	0.010044066222881	0	0.12751519644544	0.089020810458378	0.13975700288931	0.03421036452622	0.020688616802716	0.041332333264221	0	0	0	0.044	0.15133632141344022	1.0246541766065769
TCGA.D8.A27M	0.058797689965885	0.055097351367398	0.043790663876941	0.083105726383071	0	0.17173028043655	0.053781037777765	0.066249763690525	0.020423848295948	0.0030348396938474	0	0	0.018905968461781	0.044876777482754	0.17352460429278	0.12084949364389	0.02766549518807	0	0.058166459442794	0	0	0	0	0.4672768526075629	0.883707809171179
TCGA.AO.A0J4	0.13443878178567	0	0.065512755646035	0.056498012045083	0	0.21213677919538	0.014186855930876	0.066208310099577	0.059359416950637	0.010586258724298	0	0	0	0.17671524747977	0.13067452978944	0.073683052353234	0	0	0	0	0	0	0.001	0.3864089856368049	0.9246223666121848
TCGA.A2.A04Q	0.032461515869301	0.030938688552464	0.015567956946146	0.14409135387807	0	0.12309952264441	0.067508186762241	0.1072205809677	0.031967170433628	0	0	0.014667063775996	0	0.17284083292642	0.108716471276	0.073033940291339	0.040734299011821	0	0.028473282021173	0	0	0.0086791346432863	0.048	0.14793938628578399	1.0278857955863079
TCGA.AN.A0AR	0.040706117293203	0	0	0.057969028896188	0	0.13834571316877	0	0.029614502370611	0.070733764539183	0	0	0.019348518532029	0.010127629614514	0.21181452785265	0.068304840016475	0.16406844449411	0.12936567302334	0	0.059601240198918	0	0	0	0.106	0.09920390861074518	1.045414305495311
TCGA.D8.A1JL	0.02316506096174	0	0.0043870889450452	0.089358824864962	0	0.15311064483005	0.049558389371287	0.073217594331697	0.011758258879198	0	0.035552459061253	0	0	0.29361436121731	0.10461559919055	0.12594361687023	0	0.016549858912599	0.019168242564079	0	0	0	0	0.4925981101468651	0.8700027304932131
TCGA.EW.A3U0	0.10112563397576	0	0	0.15715290064901	0	0.16056373812724	0.061631243401512	0.05874153626654	0.038782391838165	0.0035223374800009	0	0.029511170897934	0.0036255820743065	0.14636621952219	0.10319953673874	0.07619581052162	0.017347962554979	0	0.042233935952	0	0	0	0.039	0.1584600564869005	1.0251104797147692
TCGA.E2.A158	0.074685715174198	0	0.03294745301592	0.098195573723654	0	0.11122724360321	0	0.15362046059152	0	0	0	0.0080492434979179	0.0087751417524413	0.10942141930673	0.17471180600878	0.10967762273396	0.084141085420816	0	0.034547235170856	0	0	0	0.029	0.17567264840498384	1.020199154208978
TCGA.GM.A2DI	0.080313075544404	0	0.0012154255091552	0.23991560400525	0	0.28578640753213	0.091143465140166	0	0.0095753168056276	0	0	0	0.0096276396726493	0.081432744597564	0.07311943407412	0.086376572129267	0.016654672465354	0	0.024839642524314	0	0	0	0.005	0.30776854716766894	0.964359213735739
TCGA.LL.A5YO	0.095588262315219	0	0.052562190452913	0.14234236418346	0	0.070291996201416	0.065710043218388	0.07210942298992	0.082703065646714	0.029295517692759	0	0	0	0.15886131993104	0.0893997286772	0.065822348202706	0.030109957430944	0	0.045203783057329	0	0	0	0.007	0.28060591398727663	0.9687731666276254
TCGA.GM.A2DF	0.068875480289083	0	0.10737297610865	0.046606595170229	0	0.12100832132051	0	0.084649688027835	0.074697296909309	0.0027137486994473	0	0.033514251984109	0	0.26545120985599	0.083906145929849	0.10730944531652	0	0	0	0	0.0038948403884672	0	0.014	0.22700552858979076	0.999961458468906
TCGA.A2.A1G6	0.065153027474926	0	0.034215782531692	0.20105767447942	0	0.11212775569435	0	0.017897022761431	0.046517238617708	0	0	0.0029626638851904	0.019416913948217	0	0.013662255649197	0.20580007795813	0.1677058739568	0.0001	0.10555199237827	0.0034423457344112	0	0.0043705196750284	0.024	0.19481465533714312	0.9992866389432737
TCGA.BH.A0B9	0.030292943204983	0	0	0.2270055495496	0	0.04141729691116	0.070273567504284	0.081958097381261	0.085927299125603	0.012015596137528	0	0.0008	0	0.13762975649162	0.11326989514958	0.078337408906906	0.085474461172066	0	0.035562290297223	0	0	0	0.001	0.39284559139467823	0.9198983155526487
TCGA.LL.A740	0.011678005279565	0	0.025321541973024	0.0054960503371094	0	0.079320281339984	0.024780305540358	0.026771782587783	0.040561366902736	0	0	0.0037927328492069	0	0.35194080919033	0.028743054488165	0.16010463849601	0.1499978686609	0.029452721215311	0.062038841139517	0	0	0	0.002	0.3703679240360222	0.9365329574949135
TCGA.AC.A2BK	0.076199089566704	0	0.0096639976890832	0.26737724593847	0	0.078385605160942	0.0141469772176	0.058137165285948	0.0041940141371179	0	0	0.053372659463594	0.0005	0.037192243327925	0.088166545771241	0.22368438932976	0.0070760570780863	0	0.07936161826518	0	0.0025478364379139	0	0.106	0.09990844385086887	1.0493849811495564
TCGA.A2.A3XX	0.1116801564518	0	0.0062202858166217	0.018286861164944	0	0.07569683039259	0.05446986305134	0.042945826398187	0.010791243516664	0.0035586422487238	0.04042354565289	0	0	0.35749706063297	0.11502001250636	0.13621475409057	0	0	0.024864056196542	0	0.002330861879795	0	0.033	0.16435662389401803	1.03614809625402
TCGA.B6.A402	0.046261519700587	0	0.011136878555846	0.033990648799265	0	0.03802841841398	0	0.019890329725421	0.030140219083999	0	0.0072916016913038	0	0	0.63256695343232	0.079780951825797	0.099868817640525	0	0	0	0.0010436611309603	0	0	0.002	0.33908813210903027	0.9917134868346936
TCGA.E2.A1LL	0	0.0033300867469571	0.018419113678773	0.0089715614542344	0	0.094278950336755	0.0039602527658675	0.060519271316627	0.015998289471761	0	0	0.020143516936351	0	0.25240461358172	0.1293054137923	0.19457802281273	0.12890401856644	0	0.069186888539488	0	0	0	0.113	0.09569845223002368	1.0621747205557286
TCGA.BH.A0E6	0.1404547089898	0	0.033303678665034	0.17776124324696	0	0	0	0.056640549650113	0.082308446565536	0.0084350087590334	0	0.018730162415241	0	0.3184254248973	0.069244850547311	0.052802031747984	0	0	0.041893894515684	0	0	0	0.013	0.23426335216436117	0.9971813988008599
TCGA.E2.A1L7	0.075509759659118	0	0.035774061827645	0.2092017594903	0	0.20905910923223	0.042268892014148	0.031222161720729	0.051609430552094	0	0	0	0	0.082424956350604	0.088231366258617	0.12269845984422	0.040694848128204	0	0.011305194922089	0	0	0	0.005	0.29834687874284915	0.9652130843417613
TCGA.E2.A14R	0	0.017139280699972	0.028676983495564	0.10038568811705	0	0.08992912590824	0.025292695075389	0.067788782692302	0.054566699631946	0.012315814980706	0	0	0	0.37388760958493	0.13615072149659	0.060938611345385	0.0056065001120467	0	0.027321486859883	0	0	0	0.181	0.06763058698165214	1.0856994165695704
TCGA.AO.A12F	0.078785577783081	0	0	0.054938850842248	0	0.15708277954084	0	0.0057787208544176	0	0	0.0067159381639671	0.0074876537202154	0.013279973721242	0.084495249176556	0	0.34423958884288	0.031945207993408	0.065336047349208	0.11482134716063	0	0.021897182468041	0.013195882383275	0.125	0.08771966403700347	1.0450335741710641
TCGA.AN.A04D	0.16109243314003	0	0.027335752615213	0.075142416555573	0	0	0.0026950985260186	0.17985748596595	0	0	0	0.032413955501592	0.010157171872591	0.22270555133091	0.048687078291545	0.16745842180576	0.012362087633662	0.025559934751078	0.034532612010083	0	0	0	0.1	0.10206737132260649	1.046947905347668
TCGA.B6.A409	0.042500756539064	0	0.013374951474169	0.079662770640233	0	0.1982079972171	0.0089224310434626	0.05793247997173	0.1002034129436	0	0	0.020073230654017	0	0.19480502745862	0.090160740910852	0.10468496216092	0.023081222903388	0	0.061049597843423	0	0	0.0053404182394196	0.054	0.14201133605777663	1.0305152781057154
TCGA.EW.A1OV	0.07039198002109	0.019988696665633	0.033844980056734	0.23352801753948	0	0.15078847217307	0.031750068542648	0.041987075921338	0.062098678098807	0.018166476791087	0	0.0082820653764125	0.0007	0.12506775260615	0.080801478519551	0.086263260860044	0.0005	0	0.035857516851103	0	0	0	0.008	0.25805465066144856	0.9848384134919104
TCGA.OL.A66I	0.010062874962256	0	0.0081528563831538	0.27664876260222	0	0.0545863050993	0.07491004708029	0.044496796736217	0.13012509363741	0	0	0	0	0.12087334344205	0.11723519207657	0.047406515007541	0.080368843540693	0	0.034114534693367	0	0	0.0010188347389398	0	0.5208206719717839	0.8550252004789678
TCGA.A2.A0D2	0.078725940603032	0	0.0036348928831557	0.15692486460873	0	0.10854393239948	0.084302595902357	0.026607261382447	0.0045143620202036	0.0053337263067572	0.0081674790906143	0	0.0046877409725692	0.2418359463342	0.10543272333368	0.092261536893625	0.048158457550735	0	0.030868539718412	0	0	0	0.017	0.21093222243683615	1.00154992839008
TCGA.A7.A4SE	0.019817058855471	0	0.0008	0.015483108713862	0	0.084357730909543	0	0.081946458900313	0.03531363774836	0	0.001947497714172	0	0	0.43613003135229	0.16285624234885	0.12366550596466	0	0	0.037724865321881	0	0	0	0	0.544285104464846	0.8383784047646167
TCGA.BH.A18G	0	0	0.0013322223958732	0.14839248554952	0	0.21283973447035	0.063551601468839	0.0046824956144188	0.0053659417229452	0	0.017150203525003	0.02827590901264	0.13392013397528	0.010331419797511	0.088174937141003	0.22384995940365	0	0.002782352012786	0.059350603910187	0	0	0	0.231	0.05491433152235068	1.0622853505283805
TCGA.A7.A6VY	0.016122675192359	0	0.11975957587241	0.051219228787439	0	0.08598100161607	0.084088749498457	0.044389307023097	0.039770484618789	0	0.018629009068836	0.0005	0	0.28129567142686	0.099106341506776	0.12390586243314	0.0083160011255058	0	0.026918582334146	0	0	0	0.013	0.23036081228319075	0.9962510738942183
TCGA.A8.A07O	0.042592895251867	0	0.0092137016868029	0.05766290168604	0	0.066669542041174	0.028136278043811	0.021736961839248	0.045703092540271	0	0	0.0078714776241188	0	0.64215493638676	0.023071119846528	0.041362600311452	0	0.0054009933105217	0	0.0084234994314103	0	0	0.005	0.29418888221305084	1.0140811686514422
TCGA.A7.A0DA	0	0.011695786482048	0.0011414872360764	0.057853908497506	0	0.091215079787254	0	0.047769229748845	0.053804048776016	0	0	0	0	0.44080257131486	0.086682076618036	0.19962828581806	0	0	0.0094075257212928	0	0	0	0.003	0.33413107638023243	0.967347259552211
TCGA.E2.A14X	0.085880416548117	0	0.1121529026914	0.12002048734678	0	0.18576104250909	0.021959196138525	0.14395258858254	0.0061039975239643	0.037379877555444	0	0.0070901777055424	0	0.089059736417479	0.080846536686031	0.07476717031107	0.014029771955899	0	0.020996098028123	0	0	0	0.007	0.2680750502310271	0.9814316834872719
TCGA.OL.A6VO	0.0082590781144504	0	0	0.022132835979729	0	0.06138159331574	0	0.067436336562471	0.025687233070109	0.015864290099492	0	0.028822365601576	0	0.6170147428165	0.061816769789089	0.082009980232722	0	0	0.0054814996532409	0	0.0040932747648759	0	0.063	0.13326283411793546	1.1099462571737602
TCGA.D8.A1JF	0.12671029271045	0	0.18070362290675	0.11147043518994	0	0.11973363484168	0.0052187036912618	0.022530993672695	0.011871270808535	0.019420579107709	0	0	0	0.13017390693357	0.063604429615168	0.15428364051946	0.005009518352324	0	0.049268971650445	0	0	0	0	0.42451810382421046	0.9058476600662597
TCGA.D8.A27F	0.10275184939013	0	0.013112845174979	0.011137674667285	0	0.093664703930195	0.0049596125428471	0	0	0	0	0.0061356000228618	0.0018883660416579	0.57097973978601	0.039121369604817	0.10730293781955	0	0	0.048945301019665	0	0	0	0	0.4961578430299519	0.8745485868129409
TCGA.A2.A0SX	0.01973350996913	0.012741626971232	0.0087045312905057	0.11162154469004	0	0.21853755424754	0.042266911285387	0.058257638940889	0.07372554629911	0.016410924863691	0	0	0	0.25700865820687	0.085068096511805	0.079899916665098	0.001	0.0057056875359676	0.009330957485273	0	0	0	0.109	0.09804128269419884	1.0604604277381529
TCGA.A1.A0SO	0.10185406832228	0	0.036846043512429	0.041411671462067	0	0.19660008199515	0.016666081087329	0.072372867497317	0.0051871281945623	0	0	0	0	0.25041082012362	0.1139273003159	0.14636203285826	0	0	0.018361904631089	0	0	0	0.024	0.1972657353414796	1.0120141316648237
TCGA.EW.A1P7	0.12026355152257	0.088309001351235	0.074346878332625	0.13101248491235	0	0.23631313870858	0	0.055599237103961	0.038661067147506	0.024353190683273	0	0	0	0.11031859820722	0.048297055415479	0.043875894465312	0	0.0099734560491535	0.018676446100737	0	0	0	0	0.4243808175445746	0.9064330691689948
TCGA.S3.AA10	0.013703903585754	0.01493869415748	0.022602230099181	0.14054793026884	0	0.08645516184864	0.044026010796412	0.099535506655523	0.083014295720289	0	0	0.053969294567356	0	0.19265968472957	0.15610656019551	0.062342398343324	0	0	0.030098329032118	0	0	0	0.022	0.20055131602114468	1.015893927062766
TCGA.C8.A27B	0.04178133443762	0	0.007675524259139	0.10048371793565	0	0.099370799077757	0.059020220595368	0.054558672147026	0.0079394561401892	0.02569328590565	0.0063977175403581	0	0	0.35656307876261	0.11733098373286	0.088279270092232	0.0021776259282643	0.014872309865327	0.009897758491626	0	0	0.0079582450883279	0.002	0.34383828262585375	0.9493225349593046
TCGA.D8.A1XK	0.083186846178635	0	0.045424410726187	0.052723850118994	0	0.13072083417446	0.0707145418309	0.023563845239293	0	0	0.015360691949404	0.002366211770238	0	0.38622753626788	0.061590609233795	0.090213716402154	0	0	0	0.033274289994937	0	0.0046326161131235	0.016	0.2197395722735009	1.0093806409486903
TCGA.AQ.A54N	0.062447083063483	0	0.024798228482536	0.14705718115186	0	0.091618280822556	0	0.18268807429936	0.047130597649348	0	0	0.026025128235103	0.042930378130388	0.070913494352275	0.088476411903476	0.17848744099996	0	0.010883839446427	0.026543861463232	0	0	0	0.153	0.07706343475129776	1.0577094588190394
TCGA.A2.A0YM	0.030027485686614	0	0.0038350706808047	0.032069018250873	0	0.088757487095239	0.0085401417861755	0.035866896068424	0.018814606994825	0	0	0.0096346025902563	0.0001	0.5356083759535	0.086276487796564	0.082106570094233	0	0.068350341965485	0	0	0	0	0	0.6204596826156339	0.7843610090910751
TCGA.AR.A0TS	0.23411814909057	0	0.051450035012553	0.098483623316791	0	0.18697392338337	0.046788580110266	0.038065729935251	0.039240360649886	0	0.018196779965248	0	0	0.076408565818005	0.094968538601531	0.10879749471985	0	0	0.0065082193966756	0	0	0	0	0.5064440417460118	0.8624018500063547
TCGA.E2.A1LS	0.096925149232104	0	0.0002	0.11084766334887	0	0.17034862944613	0	0.1127493420642	0	0	0	0	0.054907630766504	0	0.1643550002809	0.19459936411492	0	0.09506169978898	0	0	0	0	0.383	0.025033114292338114	1.0967436370777461
TCGA.AQ.A04J	0.2172219119426	0	0.064042252046843	0.11142744224942	0	0.18648109790162	0.062780412910812	0.016999023218579	0	0	0.013017475017853	0	0.0044688670450995	0.10276961748584	0.073978031129693	0.063192044826789	0.032526827839945	0.025411683987185	0.025683312397727	0	0	0	0	0.47088300776936054	0.8817630607630169
TCGA.AO.A0J2	0.058049491196124	0	0.0092300196840811	0.12088871470704	0	0.11228751395977	0.084094477417533	0.095654206889237	0.027516573063355	0.0007	0.057779685847731	0.0007	0	0.10969479124472	0.1359272381992	0.13010665985777	0.023384131145586	0.002555120963151	0.031450914918922	0	0	0	0.004	0.3115936739125673	0.957055817288742
TCGA.EW.A1PH	0.046986070666823	0	0.032898071070858	0.15996635703468	0	0.16297313998658	0.072283769433935	0.066900980888283	0	0	0.015604286693554	0	0	0.18751670743506	0.10909252769285	0.067792923523732	0.04883482599923	0.016197584011999	0.012952755562424	0	0	0	0.035	0.1623590213459886	1.0233819244625753
TCGA.C8.A1HJ	0.10521006459152	0	0.025090336935139	0.11319959122677	0	0.13822422650875	0.075591224367643	0.034645672106515	0.0070718227210515	0.024064235974373	0.030897952008364	0	0	0.11917024072702	0.18596755204989	0.078296173105704	0	0.039467625393326	0.02310328228394	0	0	0	0.007	0.27111888271127405	0.9827432188458274
TCGA.D8.A147	0.16605648043215	0	0.015066695475545	0.039925056860709	0	0.20464845388319	0	0.059497654634588	0.027462142700388	0.0070405017735144	0	0.001582792171522	0	0.26473637615997	0.06497204663019	0.10450268107253	0	0.034944500174482	0.0095646180312177	0	0	0	0	0.4198360545319678	0.9074637470290241
TCGA.EW.A1OW	0.079972926172932	0	0.026199549281957	0.016744232152229	0	0.11277569603488	0.0060534263353755	0.064409547270423	0.041370276194184	0.0021292635996643	0.0067149765309848	0.0003	0	0.39968085253286	0.094085948237868	0.082814837153466	0.04281607556376	0	0.023971459609512	0	0	0	0.013	0.233121249640248	1.0061225989159723
TCGA.A7.A26I	0.11718636514285	0	0.014034818446612	0	0	0.19854725853333	0	0.01372756655056	0.03698577637356	0	0	0.020799421528017	0	0.30786105832757	0.013735869750945	0.22822306205939	0	0	0.04889880328716	0	0	0	0.008	0.25691309172863436	0.9887757529219972
TCGA.AC.A6IW	0.020228864751896	0	0	0.1161798405895	0	0.069235814382929	0.045559069347427	0.12045360111182	0.064517915092674	0	0	0.019033829959652	0.026779715967785	0.015636690239509	0.12835348394539	0.15531675575112	0.19292342456024	0	0.025780994300064	0	0	0	0.001	0.3726961901015186	0.9283252969484028
TCGA.GI.A2C9	0.01113603938687	0	0	0.030701120626728	0	0.094227174026628	0.0005	0.034150754677789	0.025272406119142	0	0	0.018783519771301	0	0.20685574009453	0.046879906295864	0.26263545327836	0.1197908319676	0.068481907395695	0.075441934750878	0	0	0.0051849625273603	0.003	0.3345460681182035	0.949023852259057
TCGA.OL.A5D7	0.071404371999761	0	0.030920931302126	0.14412634899526	0	0.16032139970388	0.096483796708697	0.06982511877506	0.11110338588088	0	0	0	0	0.093993318793477	0.13155116757611	0.074305148099873	0	0	0.015965012164884	0	0	0	0.011	0.24404427568172823	0.9930945487954015
TCGA.C8.A26Y	0.10325741173368	0	0	0.019909711377682	0	0.066653834035538	0	0.10615750031281	0.037625687151341	0.012722888390433	0	0	0	0.47134492900792	0.069280781281824	0.11304725670877	0	0	0	0	0	0	0.002	0.35167760541524834	0.9545510671091629
TCGA.E2.A1LH	0.026345208918078	0.012347133221625	0.031522870357797	0.18937537741987	0	0.16134994964684	0.021894321705034	0.062085328782098	0.044782521294267	0.0085343773511599	0	0.014539257606605	0	0.18073746575388	0.11228242082255	0.0881592532428	0.012306913662187	0	0.03373760021521	0	0	0	0.072	0.12663414296847508	1.043180703145404
TCGA.BH.A0B3	0	0.019523015594479	0.086805348359533	0.11871630008469	0	0.014091714400505	0.09221394632593	0.068939134132045	0.051338736756132	0	0	0.022627476588785	0.029420952727329	0.12436511617015	0.18278574663828	0.10731854978643	0.039920464221901	0	0.03890198963699	0	0	0.003031508576815	0.026	0.19084997454147798	1.0127412793040764
TCGA.AO.A129	0.11055557504127	0	0.099143440442054	0.1283472650171	0	0.17181586788759	0.031118604651407	0.075662642780598	0.025541041097732	0	0	0.0091634940434455	0	0.12239732010987	0.13113337066329	0.079350678259429	0	0	0.015770700006219	0	0	0	0.002	0.3508891174010186	0.9421129630911256
TCGA.AN.A0G0	0.01691389295056	0	0.0031995448884479	0.040633716881416	0	0.10526962349744	0.044693277005335	0.087681332385033	0.019955805077992	0	0.062653720143046	0	0	0.36055476706599	0.0804587556493	0.15621268914479	0.0043475837331842	0	0.013989743412671	0	0	0.0034355481647942	0.339	0.03220362932430382	1.0976839529457083
TCGA.OL.A5RW	0.013812460956445	0.035863031960989	0	0	0	0.1413237938143	0	0.073257069117259	0.03967079746709	0	0.0005	0	0	0.28546910294166	0.13273294611295	0.13914275105834	0	0.10435142360114	0.03387017493186	0	0	0	0.026	0.19035760206780644	1.0265229550597528
TCGA.A2.A0CM	0.014925663996359	0	0.0021266056955038	0.15819251341169	0	0.15555936189901	0.074786786988087	0.074558721641181	0.04188254310361	0	0	0.013074892073102	0.0016884007433251	0.21518985026714	0.13247989527204	0.083879457978445	0	0	0.031655306930506	0	0	0	0.022	0.20471240494367068	1.0122668437213826
TCGA.A2.A0D0	0.055651941946439	0	0.0029818581406501	0.17873186393534	0	0.11123185279547	0.055098202086133	0.072592693097844	0.031819011596764	0	0.0099238755710099	0.012569678994897	0	0.24282280961847	0.082332730492284	0.098208195316687	0.044648119720201	0	0.0003	0	0	0.0010419339820638	0.011	0.24284333463799412	0.9911767569846761
TCGA.EW.A1PB	0.0049387543311522	0	0	0.13159575733986	0	0.045556512584382	0.04137327755512	0.042403564803958	0.026582639653258	0	0.016549684853836	0.028262839915843	0	0.08235746343297	0.32582398857667	0.21347091813784	0.0006	0	0.04051650660582	0	0	0	0	0.45032703114253997	0.905533996970628
TCGA.A2.A3XT	0.047710439846127	0	0.012913271420436	0.0019636011539223	0	0.11169182593991	0.023778070403224	0.023642165382542	0.023316574218589	0.016828037725745	0.0042416391554539	0	0.0015091943447469	0.51508744953928	0.1010383957996	0.063202293364748	0.019636614820956	0	0.033076160061973	0	0.0004	0	0.001	0.4082472015995046	0.9250722280369044
TCGA.AO.A1KR	0.032381805552286	0	0.012715932011041	0.25019002259878	0	0.053717673583412	0.073351880082462	0.1806443374344	0.064614941612067	0.016583776279176	0	0.012289571825666	0.0006	0.034345580464167	0.15283015645576	0.044365516551755	0.0058348605343536	0.03212971209887	0.033399358091924	0	0	0	0.078	0.11857034942260317	1.0674769990108735
TCGA.A7.A0CE	0.057792294752111	0	0.041681402692325	0.086015644179826	0	0.012831256182692	0	0.072420451101521	0.039920167433142	0	0.0065232657979672	0.0079502793166935	0	0.29811098036714	0.10539652012026	0.12325999589407	0	0.078926844413741	0.069170897748507	0	0	0	0.013	0.23282314342806606	0.9983508859815733
TCGA.GM.A2DB	0.11059161649042	0.053237302955922	0.020529490368841	0.095838064596733	0	0.097900102080901	0	0.069534255083029	0.065236377453209	0	0	0	0	0.25794963982316	0.1353000141505	0.067565215092621	0.0036104268073169	0	0.02270749509735	0	0	0	0.002	0.3557601551599065	0.9399037458886083
TCGA.D8.A27H	0.083997855647065	0	0.0027384742628591	0.020755734659499	0	0.15520444386838	0.0006	0.041151717881477	0.031484595655772	0	0	0	0	0.30026939965896	0.092116580519385	0.17745844887478	0.0054406921878716	0	0.085142731802501	0	0	0.0035949737315946	0.033	0.16490933897240997	1.0280887718902216
TCGA.C8.A26X	0	0.010839981006937	0.1107406275063	0.10829759369546	0	0	0.054848022314521	0.058329053495093	0.035903342007423	0.044105707323888	0.022515778216139	0	0	0.26200732498933	0.117088534056	0.13267181824626	0.011051804534935	0	0.03160041260772	0	0	0	0.022	0.20064167486749906	1.0102448601366107
TCGA.AR.A1AY	0.0060786948447767	0	0.0033428994087645	0.035194749761522	0	0.067038223635476	0	0.015280728052729	0.016603475595139	0	0	0.045708428029951	0	0.63992272255209	0.046587620708768	0.1145294568506	0	0	0.0097130005601832	0	0	0	0.002	0.3667268675960499	0.9755030689520744
TCGA.A7.A4SD	0.045208992565498	0	0.066328693223982	0.12240390138916	0	0.1332649353263	0.015432188113885	0.05974336613701	0.084257611091372	0	0.033225043932625	0	0	0.19812229420876	0.11005832136284	0.053716163561875	0	0.04763214421754	0.029124517759072	0	0	0.0014818271100727	0.022	0.20363018436615576	1.0072935663385147
TCGA.BH.A0E0	0.033055519842473	0	0	0.045179238727933	0	0.12733478836055	0.0041177229422508	0.084451675606515	0.11708943894441	0	0	0.015040511641985	0.007151310061943	0.010004345874411	0	0.086700786031485	0.34641743669277	0.089770638365577	0.030909844380676	0	0	0.0027767425270176	0.024	0.19596306413013348	1.0062723504940168
TCGA.D8.A143	0.061874590409656	0	0.03479178414694	0.10982565450636	0	0.19318237713922	0.04078098111111	0.071412374594079	0.022779271544558	0	0.0055950292391629	0	0	0.15705067459806	0.093097093654608	0.16210356851944	0.024866322043367	0	0.022640278493433	0	0	0	0.047	0.15020593437151328	1.0252609986554533
