Input Sample	B cells naive	B cells memory	Plasma cells	T cells CD8	T cells CD4 naive	T cells CD4 memory resting	T cells CD4 memory activated	T cells follicular helper	T cells regulatory (Tregs)	T cells gamma delta	NK cells resting	NK cells activated	Monocytes	Macrophages M0	Macrophages M1	Macrophages M2	Dendritic cells resting	Dendritic cells activated	Mast cells resting	Mast cells activated	Eosinophils	Neutrophils	P-value	Pearson Correlation	Absolute score
TCGA.A2.A0YE	0.04963201639839986	0	0.07264089028924796	0.017321298475938694	0	0.07340575966366773	0	0.049567055251337415	0.0013378113773474753	0	0	0.009731445852790852	0	0.10686462326071076	0.07430228160015126	0.07836011313387009	0.00694148276179337	0	0.01871115902674459	0	0	0	0.005	0.30302336518998385	0.5588159370920001
TCGA.AN.A0AL	0.18226724434682062	0	0.09710300524452363	0.036882500278319096	0	0.27957089830385046	0.03186090774315273	0.09062502669724404	0.0165482969357545	0.0028796990739025905	0.0075236348317055165	0	0	0.257177728576254	0.061552702198021676	0.10188188058124518	0	0.05241027635656547	0.05464959521264028	0	0	0	0.005	0.3048114533352762	1.2729333963799998
TCGA.EW.A6SB	0	0.05059118518877549	0.20629841309392372	0.23805648732788812	0	0.11923040528378766	0.10638473782857599	0.1650036662364457	0.23001182539916534	0	0	0.03624629425010199	0	0.24571603491047803	0.15089894888423058	0.06021036694081869	0.15128648523720942	0	0.005838995373599399	0	0	0	0.007	0.2622577949445731	1.765773845955
TCGA.BH.A1EW	0.07618237998175137	0	0.019334129690741317	0.14269985221322812	0	0.34852371213953526	0.0913359760814349	0	0.003912262873130007	0	0.008217743334941234	0	0.04380269794419677	0.010418307990851866	0.15589584993803512	0.1251180178640077	0.016030105860334428	0	0.1342120138580585	0	0	0.008694062504753445	0.007	0.2801974524936476	1.184377112275
TCGA.AR.A1AR	0.03212290827236471	0	0	0.028723908612060815	0	0.27335865289275507	0.059535137329718796	0.031696729045389935	0.021466046263941392	0.07669083452432549	0.01909265516897424	0	0	0.5991162106585247	0.14993100512534271	0.28173387482660195	0	0	0	0	0	0	0	0.6337828239701482	1.57346796272
TCGA.D8.A13Z	0.09694805022008562	0	0.008828112457952085	0.04548019491799196	0	0.1286745270232481	0.0391261035463703	0.05195601687184276	0.04255443714424365	0	0.008262440063013101	0	0	0.3792151811574534	0.07295960999218185	0.2545494531994422	0	0.055876486785019934	0.03568117797667517	0	0	0.004250305354479906	0.001	0.41010919587678557	1.22436209671
TCGA.D8.A1XQ	0.015418734503072835	0	0.08361771283620587	0.08482017570566218	0	0.14174978791571813	0.04162444708150228	0.04111782074056025	0.021633225785484905	0.008212653188112116	0	0	0	0.3466527566934859	0.12954971666587922	0.24272606465916402	0	0	0.007498281319929317	0	0	0.009333528710222966	0.047	0.15026279361877193	1.173954905805
TCGA.BH.A0BG	0.08455275992889455	0	0.0054449434411333215	0.22205136860925093	0	0.10060339494188965	0.021055504222612417	0.10111080564971646	0.08515349451500698	0.031619209975240294	0	0.04625704041239326	0	0.12206523637881028	0.32439280786381886	0.09461068928156943	0	0.03297804653143641	0.04620661344822737	0	0	0	0.001	0.4127214743472128	1.3181019152000002
TCGA.S3.AA15	0.2652470279629316	0.039943924695665434	0.9892194221067697	0.28658782789836096	0	0.18811805270647847	0.018255200659596914	0.024407420823946105	0.13823575164508287	0	0	0.05367111163504099	0.017185795533923805	0.24901233546243814	0.06832988449104246	0.19382408550564206	0.014272100750093478	0	0.13911773682544046	0	0	0.007302346097546522	0	0.4920252971126364	2.6927300248
TCGA.OL.A66P	0	0.10629718335662657	0.10550000255400604	0.5061876983446345	0	0.06509632691986371	0.06466530355337054	0.1410405525265268	0.1289992143683367	0.019716109639376946	0	0.06785154253688094	0	0.18621208525081834	0.10469425786129792	0.19210809569960274	0.044155449755161974	0	0.13206991767349613	0	0	0	0.026	0.1863130337573996	1.86459374004
TCGA.EW.A1P8	0.015441085109814965	0.0005999999999999999	0	0.07525997026217222	0	0.10835377333980617	0.011793521510812156	0.04202746380019047	0.035554916050902906	0	0.001523945183601519	0	0	0.13218347040609796	0.048625400988755375	0.25089367902215287	0.08413745982232251	0	0	0.11018462447502869	0.001481982746061653	0.004303953075768272	0.011	0.24319772424669928	0.9223691273330002
TCGA.A8.A07C	0.052212917347832156	0	0.02604166792172006	0.09040945025070445	0	0.17416210938706136	0.09671066714763028	0.04122102060835714	0.017358508880782202	0.03222713859346865	0.0263833329149775	0	0	0.12547903464252655	0.07117990760099793	0.22567032599044654	0	0.010807757196079345	0.015648446777415878	0	0	0	0.033	0.1667145731797973	1.00551228526
TCGA.E2.A14N	0.04263574511993222	0	0.002269181523641779	0.061295761676637604	0	0.31029172144542116	0.06439930157828729	0.036032162113576745	0	0	0.008603494319332713	0	0.0001	0.05736193411866293	0.1762867481077999	0.06359596340584348	0.009317775991802052	0.034257979396685186	0.008412043994483937	0	0	0	0.001	0.3931756883580642	0.8748789054005
TCGA.A2.A0T0	0.03272155892623386	0	0.0047592421237301905	0.028739926173021228	0	0.09819221978184474	0.002006835405868218	0.04178227025996449	0.04143800482810842	0	0.013247813274612233	0	0	0.20093277026954295	0.07176683895346789	0.08927830045404427	0	0	0	0.008414313855405748	0	0.0021175352471556755	0.005	0.3050646596116594	0.6353976295529999
TCGA.A7.A6VW	0.10034002862072953	0	0.06318812488579877	0.010034507315711552	0	0.04994838477504031	0	0.07254777241823863	0.02165062089132482	0	0	0.019723553447098894	0.03368585341050072	0.2156045367770673	0.06000102734792627	0.08608123741287944	0	0.07075413444405883	0	0	0	0.022656353072625122	0.002	0.3636145482897671	0.8262161348190002
TCGA.A2.A0T2	0.026244997488176287	0	0.001877789588620981	0.13639968387301987	0	0.026580820541116337	0.016324995315960208	0.053035199884614546	0.014223972540313917	0.007328215775243747	0	0.005348769585899582	0	0.10531763167832295	0.0652476650207581	0.09993885672331386	0.002779499294518182	0	0.015402111496296307	0	0	0.015361593884825117	0.028	0.1780927532818194	0.591411802691
TCGA.BH.A0AV	0.06073362165784058	0	0.023798296776804475	0.009530819755757642	0	0.050414964813162405	0.008348719058436297	0.0028796531562317335	0.011739394981256533	0	0.006021134901101259	0	0	0.3962421655698726	0.01596804279506983	0.0811094003166667	0	0	0.02200284401529987	0	0	0	0	0.4952588157789368	0.6887890577974999
TCGA.D8.A1JG	0.06463148588302103	0	0.14238271582003695	0.09770214879584561	0	0.2883038146147368	0.08332806486072354	0.07958084186921456	0.02340169217939046	0	0	0.03126325648568645	0	0.18601311223417627	0.1458505832893465	0.27475856933186504	0.013770957669861007	0	0.08636705528609542	0	0	0	0.011	0.24206422538947958	1.5173542983199997
TCGA.OL.A5D6	0.026746110961420738	0	0.005254140425455222	0.03922787028507723	0	0.1509137766386546	0	0.025117314442374167	0.004119299480429436	0	0	0.00395349104084221	0.01398757373824206	0.023373504940010423	0.08114758936725697	0.1996080727209849	0.029080443876620087	0	0.08006553746613194	0	0	0	0.079	0.11712204919990273	0.6825947253835
TCGA.BH.A0BW	0.1013669382149563	0	0.002628597926294503	0.08369167803421314	0	0.3143112043975437	0.07128758589160031	0.09057597329948865	0.026267711180995065	0	0.03599193476835301	0.026887771392243458	0	0.20679085717432766	0.36005706372095375	0.24291519123808553	0	0.022074617803521428	0.03402113772189946	0	0.012239760225248083	0.005066574935275889	0.005	0.29744422965225936	1.636174597925
TCGA.BH.A0RX	0.07620793336412567	0	0.007793647231916564	0.37078829988844825	0	0.14226696829795898	0.11180836463103194	0.10555407410260986	0.12059265534702154	0.027389791273445117	0	0.0319586141670908	0.023802509781257867	0.30993654668892273	0.3059337097315242	0.16334818823645658	0.06224071321999324	0	0.07114475914319639	0	0	0	0.107	0.09847496625979126	1.9307667751049997
TCGA.AO.A0J6	0	0	0.005120417460923049	0.21617156261026038	0	0	0.017837583022949157	0.0704600054476506	0.0474189382635101	0.08132498206000886	0.032081945479366	0.014235042496191456	0	0.09747135166579808	0.1287322106432231	0.07220691404308432	0	0.15106678842748059	0.02126019939605428	0	0	0	0.001	0.41190547182269954	0.9553879410164999
TCGA.AO.A128	0.027013267505981764	0	0	0.6907900058776925	0	0	0.30784551787630265	0.12022750798221334	0.0834165000836496	0	0	0.07415108947963014	0	0.13681596417579323	0.4617684439927688	0.39515228648552925	0	0	0.11821802270151795	0	0	0.009851674138921235	0	0.511484788337933	2.4252502803000002
TCGA.AR.A0U4	0	0.0018024071568949688	0.0005	0.030148200116323638	0	0.11039375780516446	0.00803570287353278	0.00965403846779411	0.005989931437892501	0	0.017120392274529106	0	0.027580657418312414	0.6988983394176611	0.24492623792676213	0.10675229770859898	0.026025895134510677	0	0	0.02329767746787583	0	0.002542107588595441	0	0.5919653885316376	1.31368713763
TCGA.E2.A1LI	0.06530537203671224	0	0	0.034829232506294154	0	0.14827791728600737	0.013534370351322638	0.09601430019829378	0.03491247478876979	0.0012480870888624657	0	0	0.02542109627264711	0.33940964605305046	0.17861445099869547	0.0805125685117679	0	0	0	0.0052827688525765954	0	0	0.032	0.16820409299735578	1.023362284945
TCGA.AR.A0TU	0	0	0.002527721273322371	0.1660276246356339	0	0.011409656708034583	0.1584487696975907	0.06724553364099418	0.019774555224816606	0.00650979933707818	0	0.014247792765238196	0.001041023436207565	0.16312615141092285	0.08137633267692183	0.1280495107679393	0.03597919001294562	0.1347735997027041	0.02532324529465026	0	0	0	0.002	0.34011802303038235	1.0158605065850002
TCGA.AR.A1AQ	0.05043964199995609	0	0.10612587432326492	0.26464869838133015	0	0.05901923560022339	0.17695912231086153	0.14884808467779148	0.047166304796545364	0.010665376491052179	0.005524739256815764	0	0	0.3596403037639843	0.19643248051648832	0.22714219503233546	0.055753878435103016	0	0.06275225837924805	0	0	0	0.038	0.16020871432760858	1.771118193965
TCGA.A1.A0SP	0.05847548534202956	0	0.051862793924270054	0.04401514352757275	0	0.16371590727770857	0.0038365029459145003	0.053772718615379474	0.03944080254911139	0	0	0.029992797106775448	0.012809238337031103	0.32254649598373286	0.07057466487670916	0.09601866148982098	0.1018877473428854	0.004582156538019625	0.0364642705340637	0	0.010824861146200253	0.0005	0.017	0.2108353274844088	1.10136753792
TCGA.A2.A3XS	0.15557547711929262	0	0	0.132605706959288	0	0.24067036925759813	0	0.10591262739696022	0.16172203986035366	0	0	0.048259708650825094	0.009901749427490444	0.12391041052041456	0.1090424626732272	0.12479070601183721	0.00641693764748805	0	0.05920654588022452	0	0	0	0.011	0.2434677687612327	1.2780147414049998
TCGA.AN.A0AT	0.07072021973335041	0	0.0003	0.1016330136205663	0	0.16570448796080364	0.023962379262469958	0.060898722370840666	0.03458845499276832	0	0.0001	0	0	0.2704317512518131	0.11418995302331147	0.08698933095744343	0	0	0	0.0039294875158732935	0	0	0.019	0.2095005964753489	0.9334594584555
TCGA.GM.A3XL	0.006897489215376832	0	0.07920612219213745	0.17746153544950644	0	0	0.1333594136480901	0.0916707679211772	0.023956500289308725	0	0.06858799161032306	0	0	0.1214068448769812	0.11056207774772145	0.09275282464143977	0.036329208560740144	0.02758964698101346	0.029689458304184044	0	0	0	0.017	0.2152700632149638	0.9994698814379999
TCGA.AN.A0XU	0.067209197029061	0	0.03446549908527237	0.10387276630305718	0	0.018182528407522637	0.071956168984835	0.08725604034606235	0	0	0.03348602332231549	0.014157951510625896	0	0.2799785721304575	0.1081528911665444	0.13712486751920613	0.0319522963022331	0	0.02009722324780703	0	0	0	0.016	0.22168380084818656	1.007892025355
TCGA.A2.A3XU	0.017345248964643536	0	0.03599272914785029	0.018209370699885756	0	0	0	0.016076626256841663	0.004111084709598465	0	0	0.004919710352621247	0	0.07327520162981961	0.005850655493447261	0.029808725685377253	0.001	0	0	0	0	0	0.011	0.24875370419925247	0.20655410475750002
TCGA.AR.A256	0.018462488500543214	0	0	0.01769450870345381	0	0.06742715511685701	0	0.03841966132412541	0.018869192255753068	0	0.008611345286315571	0	0.012790351132713386	0.17462708593852752	0.03964696649863862	0.058516077278168196	0.041542966904044694	0.07909797826356935	0.0020907107412902457	0	0	0	0	0.4271902367826999	0.5777964879440001
TCGA.EW.A1P1	0.05611087245279155	0	0.003753994028926378	0.15722596550625145	0	0.17921911441319502	0.025175613253434214	0.0418677395767393	0.042144941184732235	0.007319593777684831	0	0	0	0.380112381065835	0.15279326866943269	0.12510346312752282	0.06364093504118606	0	0.053343429672268516	0	0	0	0.009	0.2557919293120506	1.28781131177
TCGA.C8.A131	0.019881617308967012	0	0.007572918934127896	0.06745116274731744	0	0.08996642630484598	0.019475581667523677	0.03718093116033291	0.011464126871085526	0	0.014214337711029467	0	0	0.4172817960802699	0.020790876704506314	0.09294038551734513	0	0	0.018668588129486494	0	0	0.0012850692516620695	0.049	0.14749126681759298	0.8181738183884998
TCGA.E2.A573	0.07025856315172743	0	0.039262452391102105	0.18855372789867722	0	0.19610045729139078	0	0.1722912322593989	0.15819857502809273	0.06586941771345052	0	0.044316994234240646	0	0.4300243287910185	0.24335000241017865	0.1811790721006228	0.023403910213506778	0	0.028949553041592684	0	0	0	0.07	0.129771290556548	1.8417582865249997
TCGA.BH.A18V	0.014152062030584429	0	0.005973404627272259	0.006429052993048195	0	0.12707343280059066	0.0008	0.059417703342006724	0.03254389761308792	0	0	0.02379736530053132	0	0.4744331842211428	0.11298778420794225	0.16762925818455732	0	0	0.0450031298200023	0	0	0	0.002	0.36207317947095335	1.07020407972
TCGA.B6.A400	0.004010091875567763	0	0	0.03190569757062874	0	0.08708156437120555	0.002562417133507526	0.08574117242879074	0.05503573865622984	0	0.0128218012896363	0	0	0.4680139092366216	0.06254029610783239	0.0657771372936053	0.21050946872975268	0.13060211538157582	0.0013680619800456192	0	0	0	0	0.5516001707889865	1.2179694720549998
TCGA.C8.A12V	0.008362982059626543	0.055550739478741305	0.08123841349171504	0.5779637845435611	0	0.22930513388637835	0.10500961848270475	0.1996311181724759	0.13615007644706492	0	0	0.12668458222778411	0	0.2821505346171885	0.5524218409969536	0.265117545432548	0.17972228154514897	0	0.08823566258810936	0	0	0	0.041	0.1558027788736784	2.8875443139700003
TCGA.BH.A1F6	0.05199518105735696	0	0.03352793368282326	0.1557391237683875	0	0.11481414687237469	0.07948367905264775	0.06070159824398347	0.016760642991285362	0.0012132357803030225	0.0001	0	0	0.32311607257794683	0.10743396791896662	0.251107666114919	0	0	0.019147428198315667	0	0	0.01686944290148781	0.017	0.2165722320059323	1.2319981561150002
TCGA.A8.A08R	0.03909009498242031	0	0.016573754101244047	0.0811344253699423	0	0.15716916525585656	0.06999096087023535	0.0646854887187942	0.03566026575139872	0	0.021974851392509213	0	0	0.3861451213744611	0.1789304778010237	0.14679687312638315	0	0	0.04226957781573114	0	0	0	0.038	0.15959397939502998	1.2404210565599998
TCGA.GM.A2DH	0.1289954039878904	0	0	0.25143517190941367	0	0.3078321417701082	0.07866836424602226	0.09767051197841428	0.1298209909208109	0.023803901665413827	0	0.009476999353794705	0	0.21993464804658908	0.15106607851743323	0.1445040881056252	0.033895317193634526	0	0.05707178745484933	0	0	0	0	0.4299103787474117	1.6341754051499997
TCGA.E2.A1AZ	0.15350051308315912	0	0.039714945554267224	0.13558220237045968	0	0.5310714959103493	0.12426207162601241	0.09327604134256423	0	0	0.025863983842410967	0	0.05598305832392713	0.059267876777427904	0.22335772879935945	0.10088106651182524	0.023942340867310643	0.022467137913769877	0.06750179580715666	0	0	0	0.002	0.3475598852400248	1.6566722587299998
TCGA.D8.A142	0.00427208750536791	0.012818019632649766	0.11214426821995706	0.08100229417916513	0	0.10047912658495868	0.014120247494041381	0.053265757198959734	0.023636620177252952	0	0.010241390953868003	0	0	0.2880039575493823	0.0628681978100177	0.10846710795649274	0.018113120855247068	0	0.020701788450639507	0	0	0	0.013	0.24081164116622852	0.9101339845679999
TCGA.E2.A574	0	0.0037175527907721446	0.0010165014657512671	0.03275266951881956	0	0.015458409609622567	0	0.005014963579128101	0.008755771298004223	0	0.0026330980544046465	0	0	0.11920300945187647	0.0009	0.011427072714711585	0	0	0.0008	0	0	0	0.043	0.1546186531609456	0.20167117657599998
TCGA.A7.A6VV	0.04955804816986167	0	0.02641025495675162	0.01695412119571138	0	0.062844888264254	0	0.020083733925602136	0.03269749299715392	0	0	0.0038413142866202932	0	0.4584835252731651	0.06827355112545998	0.07695667546884466	0	0	0.0183063107230752	0	0	0	0	0.43097272195725245	0.8344099163865
TCGA.A2.A0ST	0.1499611201978522	0.16517533533640608	0.12347415825904871	0.4804093346924509	0	0.432407070599162	0.05188254637786123	0.308288189244183	0.17709750449359096	0.022760353681402567	0	0.0424727593869528	0	0.23745083723939012	0.4403460154318327	0.10230023722435466	0.32006809013376875	0.030645209943449082	0.10522772875357399	0	0	0.004250240604719618	0.011	0.24576711470853896	3.194216731599999
TCGA.E2.A1B6	0.34284754539368034	0.15884851182528764	0.10194406625060101	0.4210861006689314	0	0.16738396701443087	0.2705630176692337	0.14587195338153303	0.3934950522435813	0.07914631714732007	0	0	0	0.2371972717807003	0.2884629962244111	0.09445703401359137	0	0.032150947798160745	0.056133965578536955	0	0	0	0	0.4731184238887084	2.78958874699
TCGA.LL.A441	0.7675132572879424	0.0990936872429361	0.1405462518500006	0.24249672306521827	0	0.23711982986427566	0.06370389932273123	0.16546793811108	0.19889055060421476	0	0	0.03029511977687347	0	0.36106597064724044	0.19395254804364617	0.13560463471566422	0.004147708173025128	0	0.03479605781015134	0	0	0	0	0.6340327781598194	2.6746941765149996
TCGA.A2.A04P	0.09369515232089361	0.029174171664584293	0.07166936169598395	0.07564754737854901	0	0.21925676005923975	0	0.14173624642808766	0.06317051024761032	0	0	0.015656793708021335	0.012816146426008241	0.04631253716218911	0.16919127286315602	0.07629089874034478	0.0065820737732822454	0.029762108363152347	0.04194300491389726	0	0	0	0.007	0.26006674547875075	1.092904585745
TCGA.BH.A0BL	0.31753348576854207	0	0.057010255047706626	0.051787974290502206	0	0.4051969236316178	0.07412502914916354	0.10232574667908259	0.03994950155614337	0.04175889298287362	0.011270266478204498	0	0.002276227065324473	0.14327474363771633	0.26014954792440265	0.1111929513286134	0.14388491623111807	0	0.058372233104306774	0	0	0.0005	0	0.4985079888998128	1.8206095732499996
TCGA.E2.A1LK	0	0.016551471881574346	0	0.018466612838062953	0	0.0013019464913283463	0	0.013267327890546774	0.0148419516802441	0	0	0.011473362047240213	0	0.2551322184196775	0.0043138004197259975	0.0605357061010605	0	0.025523489793699186	0	0.007868043953340086	0	0	0.095	0.10626073963192462	0.4292759315165
TCGA.E2.A159	0.11446698903979907	0	0.022976643109749628	0.292283687010559	0	0.28495099055873757	0.2105121657642885	0.030637160255175627	0.011729626266176798	0.030322149836594765	0	0.0012048651138830144	0	0.175483972869239	0.16030921935286796	0.2831667222150726	0.08531668887007192	0	0.125033537635651	0	0	0	0.032	0.16729559879501815	1.8284351051849999
TCGA.A2.A04T	0.11154423100347163	0	0.04411598854243851	0.19096375069892615	0	0.026870392001688066	0.09250789794891763	0.10482225369537676	0.031301351385864915	0	0	0.013560609923835898	0	0.20395017196437681	0.0867211428872279	0.10563262277063076	0.03470029866911788	0	0.009482342099140383	0	0	0	0.002	0.3671446078704147	1.0561793671650002
TCGA.A2.A3XY	0.12744749734996452	0	0	0.03267939300784506	0	0.16292799240746636	0.013821442746915154	0.1431391944898683	0.10803439843463557	0	0.011415458018602985	0	0	0.4616485277576775	0.19480061567687265	0.09699184660483032	0.012841127282128524	0	0.051455556063192964	0	0	0	0	0.49618680457493164	1.41720304984
TCGA.E2.A150	0.006490821588167663	0.0016426698597844477	0	0.005798545106355896	0	0.15416464466049518	0.007183609252561524	0.08355248258509713	0.047051662954251734	0.0002	0.009989456908676149	0	0	0.34139253634193134	0.13634659298666166	0.07580680964897525	0.013497722906578104	0	0.023464114053274265	0	0	0	0.002	0.3532013251229529	0.9065709120979999
TCGA.GM.A2DD	0.07059690988533349	0	0.0002	0.1974168122486501	0	0.3424006411749217	0.1199280416203335	0.06182190881969919	0.08854812109667608	0.030732595457668994	0	0.01703785009481352	0	0.21630530440936305	0.15100689205467588	0.23707120324476105	0.058031383859140646	0.03509430781636079	0.07011245073438485	0	0	0	0.044	0.15133632141344022	1.6963100119749999
TCGA.D8.A27M	0.12417405848097511	0.11635936266903907	0.09248091991932046	0.17550987690133557	0	0.36267489247034496	0.11357945752730164	0.13991199374722232	0.04313285324949184	0.006409237537101195	0	0	0.039927263040007516	0.09477466878060153	0.3664643011288672	0.2552204363783647	0.05842639089021681	0	0.12284097114481002	0	0	0	0	0.4672768526075629	2.111886683865
TCGA.AO.A0J4	0.19787796060779256	0	0.09642701539575867	0.08315838073941069	0	0.3122402083649478	0.02088137129592444	0.09745078915308095	0.08737002978638653	0.01558171874965476	0	0	0	0.26010390986245085	0.19233742759837782	0.10845272426121487	0	0	0	0	0	0	0.001	0.3864089856368049	1.471881535815
TCGA.A2.A04Q	0.07222879122830002	0.06884041045189342	0.03463962424434305	0.3206117779270071	0	0.2739037128514161	0.15020970516236062	0.23857212920289547	0.07112884341897169	0	0	0.03263508369954029	0	0.3845810678537601	0.2419005735433935	0.16250483332702084	0.09063622262749552	0	0.0633547352185342	0	0	0.019311587503067742	0.048	0.14793938628578399	2.2250590982599996
TCGA.AN.A0AR	0.01792138757206005	0	0	0.02552160469006431	0	0.060908465594300853	0	0.013038162566932509	0.031141442442342477	0	0	0.008518432182073281	0.0044588181722329855	0.09325404876367548	0.030072077426730914	0.07223322629729122	0.05695488832973925	0	0.026240206544056677	0	0	0	0.106	0.09920390861074518	0.4402627605815
TCGA.D8.A1JL	0.03661459353236337	0	0.006934213502760019	0.1412401657981428	0	0.24200601220905535	0.07833177240263824	0.11572740776725375	0.01858505230015106	0	0.056194060518716615	0	0	0.4640855687361371	0.1653549562348677	0.1990659272304708	0	0.026158634251108065	0.030297239941335218	0	0	0	0	0.4925981101468651	1.580595604425
TCGA.EW.A3U0	0.268618444113012	0	0	0.417442798631098	0	0.42650295302027236	0.16371011048724843	0.1560342264999637	0.10301706248928162	0.009356330104645837	0	0.07839006292367481	0.009630577110030106	0.38879030581088386	0.27412731967235865	0.20239774294175153	0.04608112233112182	0	0.11218534527965741	0	0	0	0.039	0.1584600564869005	2.656284401415
TCGA.E2.A158	0.028607503028277918	0	0.012620142415836621	0.03761268357825694	0	0.04260431463746704	0	0.05884254815431552	0	0	0	0.003083170017250977	0.0033612169833416717	0.041912614438714836	0.06692134510347258	0.04201075021077161	0.03222927370199664	0	0.013232920545297608	0	0	0	0.029	0.17567264840498384	0.38303848281499997
TCGA.GM.A2DI	0.19759177454685878	0	0.002990273769938297	0.5902569365640776	0	0.7031114550509803	0.2242374469327619	0	0.02355785563742051	0	0	0	0.023686583968070562	0.20034646167120876	0.1798934810382082	0.21250960756521395	0.04097497530282684	0	0.06111220386243497	0	0	0	0.005	0.30776854716766894	2.460269055910001
TCGA.LL.A5YO	0.2733383651820486	0	0.15030363415759393	0.4070335434464606	0	0.20100270537106277	0.18790043206482843	0.2061997081742893	0.2364926426308428	0.08377167571991341	0	0	0	0.4542701418445813	0.2556420118169047	0.1882215725487309	0.0861005979241964	0	0.1292619811435473	0	0	0	0.007	0.28060591398727663	2.8595390120250004
TCGA.GM.A2DF	0.09881819752119421	0	0.15405197781574867	0.06686820488207941	0	0.17361511161547458	0	0.12145003645031416	0.10717097302700494	0.003893515571569443	0	0.04808413616050873	0	0.38085266306225674	0.12038324911764127	0.15396082783989085	0	0	0	0	0.0055880714763171585	0	0.014	0.22700552858979076	1.43473696454
TCGA.A2.A1G6	0.06897531770591088	0	0.03622309756193669	0.2128529941262817	0	0.11870588171279146	0	0.018946975740070992	0.04924623516064373	0	0	0.0031364725578635518	0.020556033393261102	0	0.014463770303619738	0.21787361710130698	0.17754456524325643	0.0001	0.11174434237280322	0.0036442955897326213	0	0.004626922106436809	0.024	0.19481465533714312	1.058666348735
TCGA.BH.A0B9	0.04176681522257494	0	0	0.3129870471277886	0	0.05710467204858502	0.09689065499914126	0.11300086248317597	0.11847345439064691	0.01656666967845739	0	0.0011524234568420831	0	0.18975893394102433	0.15617243755353788	0.10800878807615617	0.11784909778709207	0	0.04903200054497707	0	0	0	0.001	0.39284559139467823	1.3787638573099996
TCGA.LL.A740	0.009288028921881724	0	0.02013933103829225	0.004371249478411802	0	0.06308689279895584	0.01970886200528281	0.021292770898192318	0.032260231082692166	0	0	0.0030165265002959365	0	0.27991393532508735	0.022860609752972955	0.12733822919917015	0.11929987262301506	0.023425038773926078	0.04934220673732369	0	0	0	0.002	0.3703679240360222	0.7953437851355001
TCGA.AC.A2BK	0.024207360168673916	0	0.0030701137514783454	0.08494192424273973	0	0.024901984878826035	0.00449429218579668	0.018469345332934522	0.0013323782652396058	0	0	0.01695573002436172	0.0002	0.011815443397547285	0.028009249722648823	0.07106132904482229	0.0022479620588298664	0	0.02521205027301898	0	0.0008	0	0.106	0.09990844385086887	0.317685687668
TCGA.A2.A3XX	0.10998433172989883	0	0.006125832918271322	0.01800918147470439	0	0.074547400087087	0.05364275693602268	0.0422937088114806	0.010627382199515643	0.0035046054914921825	0.03980972803082604	0	0	0.3520685908610048	0.11327347322025795	0.1341463799513097	0	0	0.02448650406441378	0	0.0022954685447149864	0	0.033	0.16435662389401803	0.9848153443209999
TCGA.B6.A402	0.01855204095323736	0	0.004466170337604983	0.01363111096722305	0	0.01525035883752111	0	0.007976525934030759	0.01208699114090738	0	0.0029241169349230787	0	0	0.2536753678152973	0.03199418210080267	0.04004992500916316	0	0	0	0.0004	0	0	0.002	0.33908813210903027	0.4010253245745
TCGA.E2.A1LL	0	0.0013097999761418591	0.007244662523898308	0.0035287221840238614	0	0.03708208713019223	0.0015576588156416033	0.0238036261965464	0.006292496490540493	0	0	0.00792291012441481	0	0.09927656003241267	0.050858803619731545	0.07653202724244988	0.050700925613182665	0	0.027212800099323576	0	0	0	0.113	0.09569845223002368	0.3933230800484999
TCGA.BH.A0E6	0.12809101856222432	0	0.030372083305394332	0.16211360140330938	0	0	0	0.05165469886192328	0.07506314905838755	0.007692507223836322	0	0.01708141790944344	0	0.290395653549546	0.06314949139539423	0.04815407099839762	0	0	0.0382061353346434	0	0	0	0.013	0.23426335216436117	0.9119738276024999
TCGA.E2.A1L7	0.095249069946737	0	0.045125903362464435	0.2638900337205051	0	0.26371009268414236	0.05331857325731131	0.03938407272187518	0.06510085958105732	0	0	0	0	0.10397199604710218	0.11129628294676158	0.15477355823696	0.051333052221774506	0	0.014260531443308737	0	0	0	0.005	0.29834687874284915	1.2614140261699998
TCGA.E2.A14R	0	0.018450304349437476	0.030870553005051753	0.10806442408579635	0	0.0968080149879695	0.027227392451726583	0.07297410515908596	0.05874063405446056	0.013257880460861552	0	0	0	0.40248714692774795	0.14656520848110666	0.06559994819130703	0.006035354412661338	0	0.029411371262787245	0	0	0	0.181	0.06763058698165214	1.07649233783
TCGA.AO.A12F	0.03567143742105962	0	0	0.02487444828036808	0	0.07112175474227879	0	0.0026164088039016065	0	0	0.003040749013725009	0.003390155643036792	0.006012721679275756	0.038256582971021975	0	0.15586001012861667	0.014463706682167586	0.029581946213220977	0.051987211556906006	0	0.009914301526820424	0.005974647973600638	0.125	0.08771966403700347	0.45276608263599993
TCGA.AN.A04D	0.0450964474590466	0	0.00765240990862614	0.021035476180303263	0	0	0.0008	0.050349563340005205	0	0	0	0.009074009329456107	0.0028434133047494587	0.062344512393715	0.01362953073159329	0.046878551483384136	0.0034606605945977126	0.0071552849012882225	0.009667109080056292	0	0	0	0.1	0.10206737132260649	0.27994143846499997
TCGA.B6.A409	0.032176201814722596	0	0.01012582299563178	0.06031058253949274	0	0.15005804694058633	0.006754937213141746	0.04385915261260051	0.07586136106621878	0	0	0.015196913495021704	0	0.14748174829005628	0.06825831894653632	0.07925422377741499	0.017474185090973694	0	0.04621904033901489	0	0	0.004043089795087595	0.054	0.14201133605777663	0.7570736249165
TCGA.EW.A1OV	0.1617997397017181	0.045945090854199885	0.07779450104612488	0.5367766674502571	0	0.34659538686526603	0.07297923462549288	0.09650954487817281	0.14273714064013332	0.04175662078569979	0	0.0190367712585251	0.0016386820776792869	0.28747493408612673	0.1857265300402168	0.19828072954894585	0.0010816100939580035	0	0.0824204247574836	0	0	0	0.008	0.25805465066144856	2.2985536087100003
TCGA.OL.A66I	0.02034025361162889	0	0.016479501843612167	0.559194664922173	0	0.11033619056244287	0.15141690236510316	0.08994210242247189	0.2630239783113083	0	0	0	0	0.24432326444664648	0.23696940963586796	0.09582356351575927	0.16245085685975183	0	0.06895626648532262	0	0	0.0020593873079117397	0	0.5208206719717839	2.02131634229
TCGA.A2.A0D2	0.081870456593308	0	0.0037800798279730347	0.16319284619464738	0	0.11287945546168006	0.08766985780873934	0.027670023646494544	0.004694677218087389	0.00554676901581705	0.008493709154097159	0	0.0048749813705067264	0.2514954943109715	0.10964397672591006	0.09594669931692683	0.050082029865975625	0	0.03210150836886535	0	0	0	0.017	0.21093222243683615	1.03994256488
TCGA.A7.A4SE	0.018348883899386995	0	0.0007	0.014336020610536343	0	0.07810796858221086	0	0.07587533908507496	0.032697376731602674	0	0.001803214579533725	0	0	0.40381871844267075	0.15079080629185443	0.11450357128439902	0	0	0.03492996508511257	0	0	0	0	0.544285104464846	0.9259135794674999
TCGA.BH.A18G	0	0	0.0005999999999999999	0.06177247574064569	0	0.088600425321589	0.026455111560909107	0.0019492182887579294	0.0022337216313810136	0	0.00713924648726157	0.011770629065615048	0.05574795918093403	0.00430073919474336	0.0367052559656603	0.09318373592571531	0	0.0011582309682009156	0.02470633015316221	0	0	0	0.231	0.05491433152235068	0.416277653898
TCGA.A7.A6VY	0.020403712405121247	0	0.15155921177510512	0.06481941745538071	0	0.10881144774969077	0.10641674789094392	0.05617595365260205	0.050330700128391755	0	0.023575550514908988	0.0005999999999999999	0	0.35598781915046834	0.12542194552095043	0.15680645750355576	0.010524140274555937	0	0.03406624556697626	0	0	0	0.013	0.23036081228319075	1.265528962265
TCGA.A8.A07O	0.03074178112821805	0	0.006650066847098763	0.04161868528466611	0	0.04811930387048473	0.020307595815469006	0.015688835410297707	0.032986592234397136	0	0	0.005681305317363256	0	0.463480737528432	0.016651775196563537	0.02985380538583837	0	0.0038982124423614928	0	0.006079731709309774	0	0	0.005	0.29418888221305084	0.7217584281705
TCGA.A7.A0DA	0	0.005890621451837559	0.0005999999999999999	0.029138311903276985	0	0.04594077589827657	0	0.02405913017719719	0.027098586692069167	0	0	0	0	0.22201166946728795	0.04365771389549221	0.10054344482419952	0	0	0.0047381313695849785	0	0	0	0.003	0.33413107638023243	0.503653299492
TCGA.E2.A14X	0.12848332312802552	0	0.1677888652085334	0.17955934167039825	0	0.27791197351636454	0.03285254783920484	0.21536349842461963	0.009132022383761587	0.05592300409664838	0	0.010607419360453738	0	0.13323981591790077	0.12095227427073905	0.11185710186982023	0.020989554965797463	0	0.03141168331273261	0	0	0	0.007	0.2680750502310271	1.496072425965
TCGA.OL.A6VO	0.005850611462339865	0	0	0.015678580839491824	0	0.0434818327727673	0	0.047770925302218915	0.018196464321221066	0.011238033617284843	0	0.020417346854401226	0	0.43708431821693033	0.04379010549132376	0.05809468365922582	0	0	0.0038830150602343827	0	0.0028996166310606307	0	0.063	0.13326283411793546	0.7083855342284999
TCGA.D8.A1JF	0.08557874400150005	0	0.12204524789646375	0.07528591113473992	0	0.08086678568330614	0.003524655319317483	0.015217186373494333	0.008017726293297991	0.013116446440679877	0	0	0	0.08791803111527295	0.04295773518443498	0.10420148113623008	0.003383373832337345	0	0.03327572387292514	0	0	0	0	0.42451810382421046	0.675389048284
TCGA.D8.A27F	0.06595503396486145	0	0.008416959441848604	0.00714912398492435	0	0.060122117175418786	0.003183508770475135	0	0	0	0	0.003938359360970371	0.0012121168344401386	0.3665042367057344	0.025111482434157912	0.06887631658625094	0	0	0.03141733224591788	0	0	0	0	0.4961578430299519	0.6418865875049999
TCGA.A2.A0SX	0.03896994748107771	0.025162301824111992	0.017189801903921175	0.22043142558683584	0	0.4315703098431056	0.0834691504732579	0.11504781123325286	0.14559400085359964	0.032408470720839175	0	0	0	0.5075434592311018	0.16799339086488851	0.15778721378265503	0.00194893092205996	0.011267653041345662	0.01842687508294704	0	0	0	0.109	0.09804128269419884	1.974810742845
TCGA.A1.A0SO	0.03897344318858489	0	0.014098770988823362	0.015845762978896984	0	0.0752270601726506	0.0063771096739914275	0.027692755785433176	0.001984802858959178	0	0	0	0	0.09581720232337679	0.043593144973270444	0.05600397182485095	0	0	0.007025999636162194	0	0	0	0.024	0.1972657353414796	0.382640024405
TCGA.EW.A1P7	0.3321545645287159	0.24389964803491862	0.20533781585526378	0.3618419240322926	0	0.6526706278537536	0	0.15355891418962778	0.10677757109297518	0.06726080631976755	0	0	0	0.30468770864512307	0.13339109985070205	0.12118034462584387	0	0.027545577266866572	0.051582268634149435	0	0	0	0	0.4243808175445746	2.76188887093
TCGA.S3.AA10	0.026606105590407717	0.029003449393056165	0.04388219143796749	0.2728735684577793	0	0.16785255023043055	0.08547642535893914	0.19324801750828421	0.16117211447280166	0	0	0.10478129395128284	0	0.37404845143966853	0.30308062209623615	0.12103766074405775	0	0	0.058435854814088375	0	0	0	0.022	0.20055131602114468	1.941498305495
TCGA.C8.A27B	0.05426988722423602	0	0.009969759021274918	0.13051857040088585	0	0.12907299711510423	0.07666152263380538	0.07086640540272494	0.010312580848587825	0.03337307788963732	0.008310012451280888	0	0	0.4631407381605771	0.15240152907509594	0.11466618040398419	0.002828524151614196	0.019317683123794296	0.012856225018740028	0	0	0.010336985863656669	0.002	0.34383828262585375	1.2989026787849998
TCGA.D8.A1XK	0.07946859350557103	0	0.04339404842296556	0.050367220367480606	0	0.12487792614966754	0.06755377127322555	0.022510597826108283	0	0	0.014674105830026807	0.002260447774559786	0	0.36896409096241417	0.05883765659838162	0.08618137946947341	0	0	0	0.031787008971537085	0	0.004425549274588571	0.016	0.2197395722735009	0.955302396426
TCGA.AQ.A54N	0.025271024693157642	0	0.010035322925998796	0.05951095669940149	0	0.03707599656268581	0	0.07393003180102471	0.019072764308128633	0	0	0.010531823521737494	0.017373023568078162	0.028697203759423886	0.03580454811158666	0.07223012361270784	0	0.004404461536296319	0.010741743978772566	0	0	0	0.153	0.07706343475129776	0.404679025079
TCGA.A2.A0YM	0.031954357074008614	0	0.00408116814099843	0.03412689530173059	0	0.09445307759808093	0.009088164854900594	0.038168483903988575	0.020021945107039373	0	0	0.010252857486914648	0.0001	0.569978501552596	0.09181287194391342	0.08737536956292215	0	0.07273640077928212	0	0	0	0	0	0.6204596826156339	1.0641702541299998
TCGA.AR.A0TS	0.5872309783131383	0	0.1290504581213744	0.24702328586139696	0	0.46898064235501336	0.11735828161448819	0.09547903875420487	0.09842532696975276	0	0.04564239441773218	0	0	0.19165313339057902	0.23820651260305012	0.2728932357894201	0	0	0.016324356134849883	0	0	0	0	0.5064440417460118	2.508267644325
TCGA.E2.A1LS	0.02275437074979055	0	0	0.026022852155203818	0	0.03999143567840927	0	0.02646929462012031	0	0	0	0	0.012890241566322064	0	0.038584357523328436	0.045684593872956696	0	0.022316903076660618	0	0	0	0	0.383	0.025033114292338114	0.23476229781500002
TCGA.AQ.A04J	0.4098380225373984	0	0.120830121155806	0.21023294648087618	0	0.3518385586478087	0.11844937764956184	0.03207248292157073	0	0	0.024560396195926575	0	0.0084315233963604	0.193898011626244	0.1395762044365759	0.11922601389656286	0.06136918086265788	0.04794486072567798	0.04845734885197252	0	0	0	0	0.47088300776936054	1.886725049385
TCGA.AO.A0J2	0.04326236699110005	0	0.006878828576786174	0.0900943631541689	0	0.08368417254569151	0.06267283431771069	0.07128791859180181	0.020507192357333812	0.0005	0.0430612899832261	0.0005	0	0.08175190200733164	0.10130207762188305	0.09696419298036771	0.01742741999185544	0.0019042471955701284	0.023439327294554002	0	0	0	0.004	0.3115936739125673	0.745266945492
TCGA.EW.A1PH	0.0424955779996284	0	0.029753978687477613	0.14467825690058314	0	0.14739767943681506	0.06537555744698349	0.060507205885532656	0	0	0.014112973758043993	0	0	0.16959560043965805	0.09866647612696416	0.06131390491990642	0.04416764645131126	0.014649569223788222	0.011714851369807601	0	0	0	0.035	0.1623590213459886	0.9044292786465
TCGA.C8.A1HJ	0.07391187550486136	0	0.017626392181442754	0.07952465504548815	0	0.09710489068832251	0.05310413206581916	0.02433917908387491	0.004968076795506106	0.016905538651298197	0.021706341413857	0	0	0.08371913876013568	0.13064539603147118	0.05500440496414753	0	0.027726683999956415	0.016230452196319016	0	0	0	0.007	0.27111888271127405	0.7025171573825
TCGA.D8.A147	0.18740861309495266	0	0.017004024748973785	0.04505876262420143	0	0.2309628797049336	0	0.06714807460962974	0.030993322649627928	0.007945794523845714	0	0.0017863132165063268	0	0.29877712066886175	0.07332638339206246	0.11794000736098142	0	0.03943778825103915	0.010794470624384154	0	0	0	0	0.4198360545319678	1.12858355547
TCGA.EW.A1OW	0.06830987475527865	0	0.022378672580083275	0.014302295238250594	0	0.09632877075078791	0.0051706097875628245	0.05501622008394102	0.03533693864477493	0.001818737124855558	0.005735681158200018	0.0002	0	0.34139239721658454	0.08036468900065916	0.07073732855040601	0.036571886252461355	0	0.020475521929585648	0	0	0	0.013	0.233121249640248	0.8541625025394999
TCGA.A7.A26I	0.13441976406939166	0	0.016098775502171352	0	0	0.22774557104950782	0	0.015746339215520135	0.042424895831495585	0	0	0.023858179500384977	0	0.3531350321865418	0.015755863482574906	0.26178549116887234	0	0	0.05608984964353949	0	0	0	0.008	0.25691309172863436	1.14705976165
TCGA.AC.A6IW	0.027716878253242275	0	0	0.15918552704735825	0	0.09486447517208718	0.062423432749251564	0.16504128324195907	0.08840017567516216	0	0	0.026079483656399494	0.036692623943019115	0.02142484242035931	0.17586542455678486	0.21280955024620446	0.2643368837706826	0	0.03532421067748972	0	0	0	0.001	0.3726961901015186	1.3701647914100001
TCGA.GI.A2C9	0.009037062107859642	0	0	0.024914417437474225	0	0.07646675755572015	0.0004	0.027713846937120437	0.020508934620240615	0	0	0.015243106537284914	0	0.16786651929461024	0.038043743389223034	0.21313258875510907	0.09721204737474119	0.05557408957526527	0.06122225561492143	0	0	0.004207674448594999	0.003	0.3345460681182035	0.8115149196144998
TCGA.OL.A5D7	0.09290157903499417	0	0.04023007643299102	0.18751744504178386	0	0.2085882246207653	0.12553148798170752	0.09084687126063969	0.1445524930112437	0	0	0	0	0.12229121957242141	0.17115634308440245	0.09667567118901906	0	0	0.020771484965031808	0	0	0	0.011	0.24404427568172823	1.301062896195
TCGA.C8.A26Y	0.0886426593541065	0	0	0.01709174899756729	0	0.05721984510222295	0	0.09113227786866017	0.0323002573192793	0.010922127938885992	0	0	0	0.4046321448391349	0.059474981910167465	0.09704687827347544	0	0	0	0	0	0	0.002	0.35167760541524834	0.8584629216035
TCGA.E2.A1LH	0.04159161761828693	0.019492623696123312	0.04976567747969661	0.29897004455185716	0	0.2547258376013922	0.03456492826453322	0.09801513673473554	0.07069890800432468	0.013473362860904703	0	0.02295336676615742	0	0.2853332303535171	0.17726211724601762	0.13917847308745884	0.019429128411568783	0	0.05326210818342542	0	0	0	0.072	0.12663414296847508	1.5787165608599996
TCGA.BH.A0B3	0	0.02084539773538525	0.09268506718935822	0.12675749199517136	0	0.01504620994796871	0.09846001395691736	0.07360869347059178	0.0548161415809393	0	0	0.024160137913055546	0.031413766914604735	0.1327889279414104	0.19516665192399357	0.11458772052180566	0.04262445780774234	0	0.04153699733304744	0	0	0.003236846363008254	0.026	0.19084997454147798	1.067734522595
TCGA.AO.A129	0.1666553064301894	0	0.14945225911263454	0.19347511668151865	0	0.2590011955678121	0.04690926343537435	0.11405649071258304	0.03850145077803472	0	0	0.013813368590517428	0	0.1845059634625468	0.19767498891807367	0.11961596324592756	0	0	0.023773299909787833	0	0	0	0.002	0.3508891174010186	1.507434666845
TCGA.AN.A0G0	0.007438103707423477	0	0.001407041345620206	0.017869203799829276	0	0.04629368171503469	0.019654447995029994	0.038559002672613786	0.008775824002736242	0	0.027552785715392325	0	0	0.15855863327749953	0.03538278091501845	0.06869655529160613	0.0019119063114952778	0	0.006152171037611253	0	0	0.001510826846089375	0.339	0.03220362932430382	0.439762964633
TCGA.OL.A5RW	0.008558915510454648	0.022222590273431004	0	0	0	0.0875715352019948	0	0.04539387058506745	0.024582078807234516	0	0.0003	0	0	0.17689142728638388	0.08224820144772348	0.08622004825612699	0	0.06466154154673366	0.020987712941251176	0	0	0	0.026	0.19035760206780644	0.6196517432659999
TCGA.A2.A0CM	0.02001512726045131	0	0.002851751428860477	0.21213416624934617	0	0.20860314326537005	0.10028813855999452	0.09998230580487362	0.056163962314477345	0	0	0.017533265442906776	0.002264124112169195	0.2885668764421356	0.17765386946723916	0.11248129573235417	0	0	0.042449367534821494	0	0	0	0.022	0.20471240494367068	1.3409873936149999
TCGA.A2.A0D0	0.03848445186091955	0	0.002062015664797177	0.12359672588337989	0	0.07691909275022485	0.0381015294641065	0.05019932647933839	0.02200349488677741	0	0.006862562173550886	0.008692189154008042	0	0.16791692078757844	0.05693476080776916	0.06791296822400694	0.030875084569489793	0	0.0002	0	0	0.0007	0.011	0.24284333463799412	0.6915203767365
TCGA.EW.A1PB	0.008246598878185135	0	0	0.21973504897936638	0	0.07606903692347412	0.06908398381364662	0.07080432969456703	0.044386975266415926	0	0.02763421773970265	0.04719252838193719	0	0.13751827283096527	0.5440521148690802	0.3564479858689352	0.0009	0	0.06765337077327065	0	0	0	0	0.45032703114253997	1.6697730490799998
TCGA.A2.A3XT	0.054697630148481245	0	0.014804419042037201	0.0022511703942107086	0	0.12804908539038448	0.027260367013063135	0.027104558712393607	0.02673128474713689	0.019292502576292534	0.004862826888550765	0	0.0017302157422437491	0.5905219675167348	0.11583546121281309	0.07245826444170603	0.022512395574403942	0	0.03792016119819185	0	0.0004	0	0.001	0.4082472015995046	1.14644992427
TCGA.AO.A1KR	0.017336922133010666	0	0.00680799354341486	0.13394944680424348	0	0.028759950478313263	0.03927192482353176	0.09671532388188593	0.03459424798128242	0.008878801942007658	0	0.00657972420486524	0.0003	0.01838830923615015	0.08182386611429729	0.023752891252671025	0.003123930893159377	0.01720195360677929	0.01788171044376374	0	0	0	0.078	0.11857034942260317	0.5353908417804999
TCGA.A7.A0CE	0.03346616510174187	0	0.0241367246301044	0.04980964610943371	0	0.00743028010420102	0	0.041936988031048575	0.023116834518115418	0	0.0037774705284451954	0.004603820653923937	0	0.17262909061496165	0.06103265770330002	0.07137697837963722	0	0.04570468809794528	0.04005524774914172	0	0	0	0.013	0.23282314342806606	0.579076592222
TCGA.GM.A2DB	0.10809548714807632	0.052035700174151905	0.020066125559471504	0.09367493313392572	0	0.09569042900461054	0	0.0679648188100214	0.06376394725355518	0	0	0	0	0.2521275378841358	0.13224619916833324	0.06604022141528454	0.0035289369749216745	0	0.022194971213512226	0	0	0	0.002	0.3557601551599065	0.97742930774
TCGA.D8.A27H	0.04064738692697033	0	0.0013251745784997697	0.010043903753960427	0	0.07510495397894791	0.0003	0.01991372025574287	0.01523570491176078	0	0	0	0	0.1453033101410279	0.044576117591541224	0.08587388546180559	0.002632804359198989	0	0.04120140373745904	0	0	0.001739643079394809	0.033	0.16490933897240997	0.48390981667149985
TCGA.C8.A26X	0	0.01830425423540634	0.1869952169442512	0.1828699410834567	0	0	0.09261567378316957	0.09849369881751162	0.06062592725799501	0.07447633714230832	0.03801985709315167	0	0	0.44242224087610005	0.19771421131093103	0.22402794705074208	0.01866193675413375	0	0.05336005533084296	0	0	0	0.022	0.20064167486749906	1.6885872976800003
TCGA.AR.A1AY	0.0027006670631503746	0	0.001485196832414249	0.015636465376845706	0	0.029784012385489302	0	0.006788983491814003	0.007376659105061471	0	0	0.020307524763303376	0	0.2843074482087152	0.020698136032741527	0.05088360902714136	0	0	0.004315331064823569	0	0	0	0.002	0.3667268675960499	0.44428403335150013
TCGA.A7.A4SD	0.056823885388989595	0	0.08336956538680833	0.15385136604462424	0	0.16750276840126382	0.019396957085789906	0.07509236542273157	0.10590470090368988	0	0.041761074099059915	0	0	0.24902299078688458	0.1383340146358257	0.06751668083189513	0	0.059869582360810636	0.036607059021574954	0	0	0.001862531525051734	0.022	0.20363018436615576	1.256915541895
TCGA.BH.A0E0	0.018416371438900722	0	0	0.025170913835434593	0	0.07094260718684853	0.002294125627077122	0.04705094441167217	0.06523456927765718	0	0	0.00837958835165529	0.0039842417545727605	0.00557376651477305	0	0.04830400148627737	0.19300111501646003	0.05001432221687346	0.017220941553661936	0	0	0.0015470191366357192	0.024	0.19596306413013348	0.5571345278084999
TCGA.D8.A143	0.06148085487181545	0	0.03457038855057519	0.10912678502117441	0	0.1919530717545587	0.040521473590734214	0.0709579458934903	0.022634316908513526	0	0.005559425579694077	0	0	0.1560512913064442	0.09250467544223928	0.16107203141649817	0.024708086576771836	0	0.022496208331990744	0	0	0	0.047	0.15020593437151328	0.9936365552445001
