Input Sample	B cells naive	B cells memory	Plasma cells	T cells CD8	T cells CD4 naive	T cells CD4 memory resting	T cells CD4 memory activated	T cells follicular helper	T cells regulatory (Tregs)	T cells gamma delta	NK cells resting	NK cells activated	Monocytes	Macrophages M0	Macrophages M1	Macrophages M2	Dendritic cells resting	Dendritic cells activated	Mast cells resting	Mast cells activated	Eosinophils	Neutrophils	P-value	Pearson Correlation	RMSE
MB.0316	0.018336404694091	0	0.16613137682218	0.094162485108328	0	0	0.005761382829435	0.091216467836258	0.0098338505497134	0.053062300155981	0	0.080094016459557	0.0035570110281006	0.19231421334607	0.17765438287922	0.064509586801449	0	0	0.04336652148962	0	0	0	0	0.5114024934001327	0.8586362281222222
MB.0658	0.043968393409289	0	0	0.11330278351819	0	0.013391297471919	0.0079437873602025	0.049632414124371	0.006570079559708	0.094248289840207	0	0.057646130767887	0.029112650256965	0.18957654129795	0.19798714774821	0.11161317332017	0.011362945035501	0	0.073644366289417	0	0	0	0	0.4822429355294965	0.8754153347611979
MB.0420	0.020184727658039	0	0	0.0093640400800207	0	0.070331474281488	0	0.029896862481906	0.027368489579475	0.016019845739494	0	0.0099088743339535	0.036839284764735	0.26374720571895	0.063226686586612	0.41574684452886	0	0	0	0.037365664246464	0	0	0	0.4891973340647521	0.8725482542518839
MB.0157	0	0.036615914148387	0.029316488704989	0.16624081824693	0	0	0.025753636954613	0.049272765906044	0	0.027343065131111	0	0.10499950501083	0.0057081085152334	0.14781631001976	0.20922253469492	0.16744084010069	0	0.0025477201209324	0.027722292445545	0	0	0	0	0.45206218891824856	0.8942954927176139
MB.0292	0.011745180604912	0.011469014175987	0	0.040794251337861	0	0.0071795221657264	0	0.011968288944228	0.062006825659388	0.02187133636482	0	0	0	0.38038969838667	0.039631073290503	0.27785781555297	0.027958889766898	0	0.0024573777720743	0.10467072597797	0	0	0.01	0.29739010771764157	0.9873588759770663
MB.0401	0.0076307892669521	0	0.005232128877197	0.037338437332418	0	0.098205450698391	0	0.062215385397995	0.001	0.01616684036702	0	0.06394913163933	0.030725350298925	0.21788927740761	0.083458233850331	0.29686091240708	0.0021485911717217	0	0.076493058283172	0.0007	0	0	0	0.30223754170800254	0.9646905736841747
MB.0372	0.0005	0	0	0.14598297036573	0	0.014351284007049	0	0.094480196740822	0.038506436703003	0.044467992826066	0	0.15097643061898	0	0.016154097095595	0.046762070398067	0.26573965660025	0.10122184360904	0.027974449586542	0.048525814874665	0	0	0.0043475526751439	0.04	0.21334908286958887	1.0085363349545642
MB.0164	0.0078180169413708	0	0.0063896442338038	0.001457464042603	0.0082301549688265	0.018923992613713	0	0.029132706600588	0.0051674615114925	0.024517443205987	0	0.015722209542381	0.056280039250798	0.42828903534434	0.019136900229396	0.24933843542395	0	0.0086013954489902	0	0.12099510064177	0	0	0	0.48686670586242176	0.8785189495391941
MB.0516	0	0	0.0030031048327707	0.028105470948446	0	0.057410998442124	0.0087247180480001	0.058991861676332	0.0034422540641965	0	0	0.071242075829245	0.085297174403595	0.11385511809422	0.11499401139825	0.28077009639602	0.011409809509857	0.089748052629774	0	0.06509773373884	0	0.007907519988338	0	0.3168897325973331	0.9601466281511561
MB.0494	0	0	0.055813511332659	0.065345163815444	0	0.028210666095536	0.01817734542991	0.007593769530526	0	0	0	0.042148103787354	0.034817260031899	0.32702084457779	0.11591962001241	0.28676025965027	0	0	0.003478447821777	0.014715007914432	0	0	0	0.4261058200944945	0.9092511199619627
MB.0400	0.0055740772361669	0	0.012553982947721	0.036567386521249	0	0.0080863480714368	0	0.049231019142879	0	0.060423073796032	0	0.06582542937644	0	0.26312427752846	0.1179491042396	0.32313970693456	0.0032619224294571	0	0	0.054263671776001	0	0	0	0.358741828392984	0.9467873188173563
MB.0581	0.068679522762607	0	0.16313588183627	0	0	0.066535642199718	0	0.096572972671193	0.02572830339266	0.0070839873876431	0	0.05702375376654	0	0.20780215352902	0.050242950724232	0.097363801599162	0	0.028503681222347	0	0.1207442957783	0	0.010583053130313	0.05	0.1597784433957102	1.0284153848450492
MB.0664	0	0.015750869814746	0	0.037065683475027	0	0.063190110399976	0	0.10047743433851	0	0.0048682699008758	0	0.050189968805633	0	0.36479813613772	0.068858432289372	0.18266384805752	0	0.043954185692845	0	0.068183061087771	0	0	0.01	0.266907996526929	0.9945662978427349
MB.0446	0	0.0001	0.023729247153069	0.0066018330234229	0	0.063716441392533	0	0.045007906867562	0	0.017562135230854	0	0.067500165530212	0.20702073102499	0.22781908396154	0.16755688659554	0.14354078671737	0	0	0.02987824755762	0	0	0	0	0.4011782492590551	0.918829690793842
MB.0115	0.024605045413877	0	0.029653337924319	0	0	0.043128999993289	0.017524284760151	0.10206260696191	0	0.10378333416939	0	0.062719645186902	0	0.28343562030639	0.24322439957918	0.012555798060956	0	0	0.077306927643637	0	0	0	0	0.41050758652867925	0.9213280536908234
MB.0354	0.030606331773349	0	0.014048980041621	0.099765507955667	0	0	0.062357259033277	0.097302589924079	0	0.15735961601198	0	0.059913091876454	0.0078202926938043	0.099347854730441	0.11262448098958	0.099367708568125	0.0049994175425537	0	0.15448686885907	0	0	0	0	0.5374562877747963	0.846936433156689
MB.0481	0.0021801242886045	0	0	0.13294857813104	0	0.020570942790129	0	0.14329445094143	0.0076857876372187	0.088812711974094	0	0.095783071832555	0.012397796538891	0.092185235532787	0.14277948655022	0.19293270461373	0.048625625665688	0	0	0.019803483503604	0	0	0.01	0.2851211500611816	0.9806418038446092
MB.0238	0.03077596085484	0	0.077900801065602	0.032597618672476	0.040433301079545	0	0.010882970132742	0.12029233198989	0.0046115823776641	0.071322330416929	0.0062720766582533	0.020187154676735	0.051345991099573	0.10929361026741	0.20222902168783	0.12964428282739	0.0044673504416647	0	0.087743615751465	0	0	0	0	0.4376724868016971	0.898493241033453
MB.0525	0	0	0.026644116693005	0	0	0.063856641269927	0	0.097627355764259	0	0	0.015590401816814	0.014956567859727	0	0.32418616855042	0.035780525689575	0.21036462675169	0.0061537602950557	0	0.13948960105807	0.065350234251463	0	0	0.05	0.1743546686949614	1.032699950061655
MB.0869	0.017365515182037	0	0	0.049392305620989	0	0.0021173928186666	0.079925472675567	0.12347298535959	0	0.068736417541717	0	0.033887337211948	0	0.30624088186978	0.15482119061064	0.11399227433709	0.019318042345407	0	0	0.020773448406619	0	0.0099567360199442	0	0.3772640704672321	0.9329989475493365
MB.4622	0.016932622579237	0	0.052860193607477	0	0	0.02872741501157	0.033702812829603	0.041448206402335	0.017690312421983	0.17944422514117	0	0.05939226131765	0.01943923888154	0.35239921818627	0.11278921078229	0.052617558312337	0	0	0.032556724526543	0	0	0	0.01	0.3008658220116617	0.9720640344409424
MB.4717	0.033095716318746	0	0	0.052243609804982	0	0	0	0.048147800685007	0.067042962597711	0	0	0.091739333435917	0	0.38747373180187	0.041186637327618	0.1739816210547	0	0	0	0.10197488244602	0	0.0031137045274309	0.05	0.2033810892778437	1.0324539419105954
MB.4757	0.0087137126506037	0	0.029061441193011	0.025904574883465	0.038240239755942	0.075883029102262	0	0.10215484001877	0.0091521577438838	0.028381769922036	0	0.070470569155717	0.021686778311211	0.12397556237244	0.19265940164173	0.197682118851	0.0037242151372298	0	0.072309589260705	0	0	0	0.03	0.23829849634982794	0.9987357431661901
MB.4715	0	0	0.025015630439869	0.071053116170065	0	0	0.011307567948702	0.12620254357992	0.0273402110942	0.038717211735048	0	0.051133411791364	0	0.29516141617138	0.18764053544577	0.14286114806437	0.012602666743825	0	0	0.010964540815487	0	0	0	0.3274799818940308	0.9639137218036301
MB.5281	0	0	0.024496831692212	0	0	0.078634860794876	0	0.075025162514042	0.042118340082628	0	0	0.031642417383007	0	0.45868760648898	0.051475088347143	0.18280640230189	0	0	0.048709506277304	0.0064037841179192	0	0	0.05	0.17453182936415979	1.0500781258988285
MB.5323	0.028293326952238	0.038639929227379	0.0096790197795346	0.079201699766175	0.061994214458323	0.070310804629111	0	0.066513959547038	0.024586033916985	0.057013514295259	0	0.10108764584262	0.042922661463406	0.15604682883809	0.11821849204851	0.079598050410878	0	0	0.065893818824445	0	0	0	0	0.564702927705178	0.8316292233991027
MB.4911	0.037508490291273	0	0.070459280761005	0.062970430327578	0	0	0	0.081821449808245	0.0098902168359324	0	0	0.098482050246161	0.0132589109294	0.13318133183867	0.11349944890442	0.14912737669707	0	0	0	0.22540162288583	0	0.0043993904744132	0.05	0.1738079466600142	1.0401510118439572
MB.4888	0.046650984328581	0	0.10549544433762	0.051781047168229	0	0.077055149290166	0	0.039018576469135	0	0.015504756000327	0	0	0.0082697619976042	0.26327167279952	0.25755196073767	0.097496227456919	0.013537256408869	0	0.024349111135344	0	0	0	0	0.5868144989163212	0.809443371706936
MB.4945	0.0086858587937833	0	0.078710259209648	0.076937809317328	0.02484010349743	0.11120609073892	0	0.081425593141041	0.018326117966562	0.026867060840241	0	0.016024732324602	0.014397478251658	0.27581570941866	0.13774379297718	0.072080680579398	0.0037160722695802	0	0.053222640673973	0	0	0	0.01	0.2811959243568576	0.9755284371561569
MB.5072	0	0.044681290032407	0	0.058899622647635	0	0.14609789096412	0	0.010338920912986	0	0	0	0.068783547846453	0.016416274550904	0.18092031083967	0.054505419817119	0.26149391211665	0.015368327398311	0	0.14249448287375	0	0	0	0.06	0.13672371130287952	1.0309923323658952
MB.5115	0.025399561964667	0	0.024651507571421	0	0.050741568463576	0.002601470987706	0	0.094336996327159	0.035531134978675	0.037423752995584	0.048753812281122	0	0.019923705666092	0.29994181416458	0.22009432787564	0.11611115028526	0	0	0.024489196438512	0	0	0	0	0.30857293881060727	0.9755508814700985
MB.4733	0.097358891152588	0	0	0.14967952047231	0	0.016428236283319	0.040224030908314	0.10162872696924	0.014437557935136	0	0	0.068580787173003	0.015101143491159	0.14642501534776	0.13472373030344	0.13327521038295	0	0	0.082137149580782	0	0	0	0	0.533498640109994	0.8497620023522129
MB.4758	0.068280092537895	0	0.013185104690441	0.038776556306106	0	0.0060189609088158	0	0.085193400765974	0.0049488809470984	0	0.024523364555739	0	0	0.42393048507741	0.012982444823769	0.21125565796648	0	0.030698161225653	0	0.073500272978563	0	0.0067066172160469	0	0.3688452908082786	0.9444232108526442
MB.4732	0	0	0.05803693674963	0.15522798499455	0	0	0.0060574303845293	0.081871762136221	0.0015299611598929	0.0069117882053417	0	0.10661141691331	0.040844339811225	0.21246127477762	0.19278474988915	0.11143550640656	0.010216303780582	0.002170581278729	0.01383996351265	0	0	0	0	0.4460972348093729	0.8965488229532024
MB.5236	0.11124775808218	0	0.035438974992441	0.089331271656549	0.24409769514304	0	0	0.075840686950334	0.015774576042011	0	0.041035405652347	0.018657220611724	0.01427200006521	0.16667210277139	0.090571577354218	0.086427768306196	0	0	0.010632962372367	0	0	0	0.01	0.29301044157677814	0.9702598713332116
MB.4993	0.011256106925455	0	0.020161101763543	0	0	0.041003953205628	0	0.068334451677471	0.02274323470802	0.03015708955267	0.0078333385641023	0.021205129955964	0	0.48151325582833	0.073938925224223	0.16414803947339	0	0	0.057705373121202	0	0	0	0.01	0.26210236922586405	1.0070192116715408
MB.5232	0.0048913581002264	0	0.024123049954406	0.11633626335704	0	0.081211308195459	0	0.13849548681562	0.060933944908187	0.057694463541184	0	0.02716710435657	0.036496880290774	0.17958037718045	0.13215176365814	0.097436380928249	0.012833379930869	0	0.030648238782825	0	0	0	0	0.3167046989084916	0.9588710682734627
MB.5126	0.084761452072746	0	0.012638516134066	0.055982540059233	0.091466067298197	0.041551500179074	0	0.038131673460746	0.072582292744842	0.056415253469577	0	0.066067804207266	0	0.21006702837742	0.14215081775888	0.10231457284305	0	0	0.025870481394902	0	0	0	0	0.3856561945837885	0.9256816385359213
MB.4938	0.0058057978314283	0	0.021638902524381	0.013758714872369	0	0.15413212596169	0	0.039994205509945	0.028062003463437	0	0.0028215664603371	0.024315592396864	0.027019557255456	0.32535906818377	0.057770427138931	0.18918191803011	0.0014243569831349	0	0	0.10871576338814	0	0	0.08	0.11556141020870243	1.0619106615781728
MB.5070	0	0	0.36116044579565	0.0075411765589079	0	0.10264969425233	0.0034363430233492	0.06647140814224	0	0.044809494036148	0	0.030506443491546	0	0.11269927632042	0.10628314363612	0.14480698909277	0.0055154341853779	0	0.014120151465146	0	0	0	0	0.4802414973257102	0.8784370658400517
MB.5138	0.055212682433107	0	0.076508031314927	0.059369327784548	0.043185324949611	0	0.026791239676158	0.0798855485241	0.0020110738168339	0.011812518686076	0	0.083212824641674	0	0.19052277203685	0.20511744994285	0.074957607849263	0	0	0.091413598344002	0	0	0	0	0.3817714112891275	0.9294221218276386
MB.5258	0.0048850616396452	0	0.0005	0.028224897253827	0	0.064991453438511	0	0.014799197248269	0.0021378863685687	0	0.011843046348811	0.0081552811478843	0.011741730150581	0.58863593149571	0.1055423066164	0.091809528440918	0	0	0	0.066770021567399	0	0	0	0.6577317726264642	0.7535294473923208
MB.5421	0.025354750839183	0	0	0	0	0.085797974546475	0	0.089760148073275	0.025234186852225	0.035877715676163	0	0.019004956071747	0.0018127636525557	0.46641735149813	0.094775259371681	0.10290597540602	0.013901698563888	0.0053407949963542	0.033816424452296	0	0	0	0.07	0.1330325758638954	1.0699073225440912
MB.5348	0.0055519625585914	0.0077047313286523	0.057767306440839	0.048526883033978	0.0078038161298552	0	0	0.10316893123907	0.03533123578738	0.076353025679913	0	0.12448007401855	0	0.21884180449753	0.21142426958807	0.071321320997981	0	0	0.031724638699592	0	0	0	0	0.45626038023503834	0.892657190013108
MB.5100	0.01721831908658	0.0096047226713383	0	0.090033317665713	0.081943445860575	0.072976008202375	0.028243605297568	0.095551896232625	0.0004	0	0	0.076748421754115	0.014103251023041	0.101866152345	0.25155274188148	0.071739182006943	0	0	0.087981122059954	0	0	0	0	0.6127087224810945	0.7928172749497058
MB.5446	0.0070965884601441	0	0.023625606820332	0	0	0.14612937215614	0	0.053208509020532	0.057382676575536	0	0	0.055859158181511	0	0.33333774288185	0.10466141154983	0.16304570316464	0	0	0.039918594432098	0.015734636757395	0	0	0.04	0.2152803575753588	1.0124680769251235
MB.5427	0.1523058212758	0	0.016650347478772	0.16306719908776	0	0	0	0.1263697651328	0.012105464529111	0	0	0.0042685753903172	0	0.37180216152614	0.093596135470862	0.050189243265338	0	0	0.0077178395557682	0	0	0.001927447287332	0.11	0.11026486596453546	1.0654826154672044
MB.5209	0	0.012282997112112	0.1856873466901	0.18088942625201	0	0	0.080307274989315	0.099876576545474	0.06606473303275	0.029514380349978	0	0.072288010349585	0.013429528027426	0.19294935546673	0.057105253420306	0.006033777908837	0	0	0.0021261522498984	0.0014451876054832	0	0	0	0.3429162122064145	0.9482296718213817
MB.5223	0.042406443548145	0	0.0028026841252313	0.15390586433177	0	0.086232979084051	0.042465128269113	0.056920000539838	0	0.054282510222243	0	0.018599198274177	0.04599560966794	0.11565143865692	0.14797390226326	0.12105434645101	0	0	0.1117098945663	0	0	0	0	0.5140970129694872	0.8598483704209615
MB.5616	0	0.0027809803386909	0.13746310965853	0.094810652315276	0.031165646965135	0.023077337676733	0	0.13068394209063	0	0	0	0.13707373757384	0.03256697189815	0.15570638173222	0.14774544575938	0.075494528241249	0	0.0077772445303483	0.023654021219812	0	0	0	0	0.4668806286953849	0.8835514975382676
MB.5602	0.007871182538497	0.021931466004085	0.046385493186071	0.068804040410423	0.050021234952847	0.01181793627629	0	0.011827715130154	0.03106531801802	0.087588377206387	0	0.097451431525176	0.0025017091694093	0.18878249700672	0.15676247250075	0.10538891505653	0.030136715292535	0	0.081663495726114	0	0	0	0	0.4347384412891079	0.9003592618354773
MB.5634	0.011312675508531	0	0.23473263720082	0.029344832109411	0.0080911571695099	0.028938022450975	0.0067851608401989	0.036768602087957	0.022743915963717	0.0090854450328215	0	0.067185097186725	0.0053551209408612	0.32051437433271	0.11533699873045	0.053755076460826	0	0	0.050050883984482	0	0	0	0	0.5425527677502051	0.8404982017959816
MB.5548	0.044519498658153	0	0.0008	0.016287317547976	0.093941817321007	0.025961263374985	0	0.07165663255928	0	0.042748707836436	0	0.049283519823313	0.024699181191835	0.12422163807482	0.24564730031062	0.19162334887194	0.011218286017415	0	0.057389425967978	0	0	0	0	0.44232560346624195	0.899646547496839
MB.5526	0.073123152398425	0	0.10207978836902	0.028033133870297	0	0.12542961088462	0.027246731333909	0.094988128320042	0	0.072807624994437	0	0.051378426541272	0	0.15753355447154	0.15005494956647	0.05891334728226	0.034457800770294	0	0.023953751197415	0	0	0	0	0.35727475676938875	0.93794315673001
MB.5531	0.0023396703830749	0.0076713882969582	0.051760039918224	0.044879649790059	0.0096091892487724	0.071701291327035	0.0021867182243752	0.041748638269428	0.019981994976276	0.0076901595054646	0.016841096997261	0.0008	0.020326896935426	0.35717299985793	0.1824908050846	0.13039207927486	0.011484033649297	0	0.020973060173751	0	0	0	0	0.4646243072529783	0.8868906419812473
MB.5551	0.061718725690752	0	0.017758321347559	0	0	0	0.0079104789871257	0.079335354035238	0.043722906317282	0	0.044661717844499	0	0	0.50403555043078	0.1365048343148	0.085153118893749	0	0	0.019198992138214	0	0	0	0.03	0.2245023682479694	1.0326343868931023
MB.5560	0.033131585638579	0	0	0.057245090704323	0	0.041320627469857	0.0099275557170014	0.1175446575485	0	0	0	0.039255412543299	0.11521522363839	0.22641898385538	0.064978388965652	0.21068689030572	0	0.020884537415566	0.063391046197726	0	0	0	0.05	0.16433356109223007	1.0197762742871759
MB.5529	0.02331151917332	0	0.018299180561367	0.095308043097158	0.047633693695108	0.1007531279587	0	0.036601534013722	0.016948503043807	0.010006276145359	0	0.081956068639027	0.1042726099	0.031999218641884	0.10076995495243	0.22199394803194	0.020952038070287	0	0.089194284075895	0	0	0	0.06	0.1440548591708788	1.024936419689737
MB.4408	0.020409956851517	0	0.053394367944217	0.11946097133381	0	0	0.013696970050616	0.15124634388517	0.12514433216662	0.0011531560439893	0.0017308791213428	0.047263184895973	0	0.27855098128349	0.10437212152968	0.041817296553319	0	0	0.041759438340255	0	0	0	0	0.4189727252819447	0.9083135205199526
MB.4146	0.084591952333353	0	0.0045459311442279	0.16468183004074	0.16828733681885	0	0.011057134443244	0.090212536035614	0.1101401275113	0	0.066463657414197	0.015949490708624	0.010073966679618	0.13545293117655	0.088685485287615	0	0.0004	0	0.049460204173763	0	0	0	0	0.5092913784912059	0.8597472867078219
MB.2957	0.043404085907587	0	0.082612925573819	0.024033615570385	0	0.03253138804144	0.0078379199670124	0.10421292236453	0	0.058741011891508	0	0.016405141216444	0.032055554212283	0.21368006212008	0.1742503973959	0.17954194809193	0	0	0.030693027647083	0	0	0	0	0.42893367141453925	0.9032822590542997
MB.3063	0.0012170199037702	0	0.014865530736285	0	0.0024090180866757	0	0	0.076232580059843	0.027489059834089	0.053681817948455	0	0.043978978041823	0	0.33122326364736	0.15735907957715	0.28605568009152	0	0	0.0047277831619219	0	0	0.0008	0	0.36073689513437157	0.9504445902742202
MB.3046	0.076727073358373	0	0.0031960912932238	0.049375787216614	0.0086029683396532	0.02128940457107	0	0.15350102431334	0	0.027020081583905	0	0.020240811427158	0	0.33650012544557	0.11854445591935	0.15911390829566	0	0	0.025888268236086	0	0	0	0	0.4409304595424532	0.8979791696621262
MB.3014	0.024129068287854	0	0.083035158463631	0.053171757379814	0	0.048535430559982	0	0.089570058452306	0	0.073732789154431	0	0.027060738176942	0.083324930504574	0.16319943394365	0.23006190185488	0.076461883722851	0	0	0	0.047716849499091	0	0	0	0.41380850123424223	0.9146816000513712
MB.3277	0.028009080182431	0	0.027998096532872	0.05470014981579	0	0.02594377361436	0.013052708075811	0.11776835461	0	0	0.037879758858576	0.026493375540797	0.026719101045053	0.1780615968521	0.22707060932582	0.15749090990374	0.0083666767123007	0	0.070445808930339	0	0	0	0	0.44184963127588395	0.8980797651247258
MB.3271	0.0039498909706779	0	0.053841293614078	0	0	0.10330124968125	0.06497797495636	0.10257889640877	0	0	0.015858618753523	0.066815035255618	0.014106773997357	0.040827092552656	0.2056016503978	0.16039709720074	0.07664227766833	0	0.091102148542849	0	0	0	0	0.44234726811458325	0.8960798913837286
MB.3292	0.015079708414185	0	0.24062918223512	0.051262077039775	0.020727390046837	0.037444965347852	0.0048210317886642	0.091393342249884	0	0.026940567744152	0	0.076311574894904	0	0.17801351074881	0.14504075821082	0.094653285723582	0	0	0.017682605555419	0	0	0	0	0.5720758740722485	0.8229087703852124
MB.2917	0	0.0049507554118168	0.034199786030362	0.0007	0	0.028105052635907	0.025531330473282	0.12543981444017	0	0.10200021307857	0	0.04546725812248	0.026409316191101	0.17190100399151	0.2182118739332	0.14418907991045	0	0.033506282238377	0.039359961458368	0	0	0	0	0.35822136039708175	0.9453701177626094
MB.3706	0	0	0.037735198015116	0.014746964276511	0	0.036625159933289	0.0071476476687053	0.044217077484323	0.032800180264063	0	0.045739243829234	0.016876682714429	0.0089747721210053	0.35144338934328	0.092936655618962	0.27254710549192	0	0.026705085924959	0	0.010930514090847	0	0.0006	0	0.3989830112736633	0.9244868578990132
MB.3453	0.028716312191553	0	0.16512380290161	0.05265851603109	0	0.0016874544081565	0	0.073545288456728	0.022306440901545	0.037086225128716	0	0.049288205710821	0	0.14916494185848	0.12499856645331	0.16481204300635	0	0	0.13061220295165	0	0	0	0.03	0.22612495499745788	0.9948854132044872
MB.2842	0	0	0.14642219381028	0.0053621230814971	0	0.088113936766852	0.032164881496456	0.054223828585669	0	0	0.0064630945013423	0.066245915824247	0.070497799094013	0.12674137102953	0.12697450500645	0.14186616798071	0	0.0028587406211908	0.13206544220177	0	0	0	0.05	0.18291239274367696	1.0086870635298362
MB.2912	0.028999035258762	0	0.067164867673111	0.17358406674588	0	0	0.019414430497147	0.13566536759722	0	0.072686784498621	0	0.13512057897259	0.017614068013385	0.081460658077155	0.13882179105618	0.069056855133144	0.031423816405938	0	0.028987680070873	0	0	0	0	0.3634310981072006	0.9419185650576007
MB.2849	0.033513163379681	0	0	0.082736098253807	0	0.085808343546981	0.031002749490296	0.12332197229437	0	0.072250552857856	0	0.043861321716396	0	0.14618835680676	0.16414611936083	0.070988161292973	0.039168209673705	0	0.10701495132634	0	0	0	0	0.5129774915474691	0.859108183819687
MB.3058	0.0078475308537609	0	0.089990440017268	0	0	0.032974952795334	0	0.040943619503507	0.019347729741864	0.069192533606572	0	0.051133103434038	0	0.37011291583185	0.079547548110484	0.16461920689048	0.0027319446195399	0	0.057831273190368	0.013727201404934	0	0	0	0.34088398714818186	0.9513407308982923
MB.3057	0	0	0.23123600106111	0.038605976226742	0	0.009433779928389	0.031733942238619	0.05632178028973	0.0043751853994545	0	0	0.075043057439284	0	0.32164026518932	0.15152105235983	0.07008453296169	0	0.0002	0.0097801725791917	0	0	0	0	0.5251905493890966	0.8502710165984857
MB.3395	0.043621490579299	0	0.060087788737272	0.066013306441394	0	0.17511657885873	0.030216617030733	0.021302133111935	0	0.070818737914696	0	0.077679008246619	0.026209806255528	0.081756304226106	0.12948995421365	0.08577568986332	0.032991197463884	0	0.098921387056833	0	0	0	0	0.480850191696079	0.8770086282781469
MB.2857	0.056107706680241	0	0.0019849299359827	0	0	0.18400727740463	0.058594940879701	0.038667530783939	0	0.11340574640541	0	0.086393648658103	0.035175199684603	0.10025226468022	0.11921462588423	0.12649968389783	0.021665269692642	0	0.058031175412469	0	0	0	0	0.4612548983306808	0.8864509247321564
MB.2827	0.052861875374051	0	0.081377055703818	0.07250617317922	0	0	0.001234305173101	0.1150245960497	0.0219853080903	0.055031309764191	0	0.058086792842197	0.0010043069930201	0.2101619808408	0.23146689876043	0.096768811434267	0.0024905857949012	0	0	0	0	0	0	0.5243745610925362	0.8508427676840183
MB.3702	0.020228357749359	0	0.013968867558924	0.0098042043848288	0.0032756732719406	0.20406172159104	0.05131849934244	0.069199858617225	0	0.11144415638238	0	0.030022849265523	0.036263666572758	0.10811448371851	0.14311511768562	0.12383781483406	0.0068477838145343	0	0.06849694521085	0	0	0	0	0.3766660080000838	0.9279176755294696
MB.3502	0	0	0.009779229219562	0.074985442145511	0	0.019007565569754	0.013781546932145	0.045756047264532	0.0037045188629697	0.074748075632238	0	0.084292563906288	0.024048991024022	0.21512236437128	0.16766982490935	0.24972786021676	0.0002	0	0.017205569711416	0	0	0	0	0.3714092474967292	0.9382309620865166
MB.0079	0.020263123974453	0	0.062152776414388	0.056825816981068	0	0.17673815166638	0.041013066595	0.081164606941495	0	0.032038847662966	0	0.035105800999286	0.0369698018101	0	0.092251058103524	0.10635717402095	0.025095020770971	0	0.23402475405942	0	0	0	0.12	0.10835184595174104	1.0381493632305876
MB.0062	0	0.090987357979683	0	0	0	0.16603487792757	0.022205500960207	0.070341144536393	0	0.10032830180271	0	0.0089271252646688	0.083893067172721	0.090825546893747	0.2239128192596	0.060470263153353	0.043439650742415	0	0	0.02411385513989	0.014520489167045	0	0.05	0.19889395634062243	1.0223823491301323
MB.4015	0	0.0092525079987642	0	0.038206966972645	0	0	0.0039535172303973	0.067734558431443	0.044275891630056	0.021099732502805	0.010516845352569	0.019863747065833	0	0.48558768108839	0.012393815247042	0.20423951859238	0	0.053331890409148	0.027499160111096	0	0	0.0020441673674317	0.05	0.18688398611609966	1.0531720683311354
MB.2929	0.013252612406473	0	0.036584016183327	0.018640715159514	0	0.06156008716233	0	0.039560801884223	0.0068512284560519	0.047556828493609	0	0.088202022721898	0.0032789526747833	0.11421577369619	0.14285170836402	0.2241665703359	0.025056525546174	0	0.17822215691551	0	0	0	0	0.31572315710945525	0.9563431998967928
MB.2724	0.062028768502467	0.091655029132048	0	0.062662297504729	0.2587051399413	0.014066429148258	0.027299364566196	0.10708236577089	0.060548211303834	0.097270857501135	0	0.033719565947253	0	0.06733934871304	0.059463493023066	0.045029585454434	0	0	0.013129543491342	0	0	0	0	0.5740133800608205	0.8200044200123656
MB.3062	0	0.046021925522265	0	0.091426905615573	0	0.020724379724251	0.042342874713773	0.079447062997545	0	0.056392752755575	0	0.080021033248995	0.031409560376376	0.1278564985244	0.18046271423752	0.17300634432445	0.027035140728393	0	0.043852807230879	0	0	0	0	0.5326271051534998	0.8473363072807167
MB.4707	0.0012354691205298	0	0	0.084507270069824	0	0.089252280869446	0.033683222520902	0.12984432725262	0	0.013014160701215	0	0.049660711246445	0	0.24887016249591	0.14323877601884	0.19996095158287	0.0039828399296316	0	0.0027498281917756	0	0	0	0.04	0.2221291618227335	1.0113122736684266
MB.3383	0	0	0.09407875846838	0	0	0	0	0.070095779858209	0.027649561556936	0.047835624531546	0	0.036191139146629	0.015513619964327	0.43798181553466	0.045717567366937	0.14660644907779	0.0052306936350821	0	0.073098990859508	0	0	0	0.04	0.21698114820302222	1.0190790468560245
MB.3297	0.0008	0.0035708899699603	0.11417217169694	0.010153201880176	0	0.18896654094165	0	0.096483828789183	0	0.013260541109335	0	0.050293725986492	0.024986353204015	0.15701874994329	0.11316242268967	0.1725170963515	0.016255505483088	0	0.038317233546639	0	0	0	0.05	0.19591459800942074	1.0063578858153277
MB.7114	0	0.014009618943977	0.1209993633868	0.017913806650459	0	0.038185091993587	0	0.063297919218895	0.0050946955682658	0.045436285394938	0	0.062274669592739	0.10224368678064	0.32635469238847	0.13350299052311	0.032804759020702	0.0059868096847036	0	0.031895610852698	0	0	0	0	0.4112419752055055	0.9126633280189723
MB.7208	0.005837296952781	0	0.076888632470546	0.211581002538	0	0	0.098164635696574	0.077716396619361	0	0.059885574982006	0.0061646022844885	0.094583108207482	0	0.056345148642836	0.10675553389481	0.068019975596558	0.0026807835605216	0	0.13537730855404	0	0	0	0	0.45713396884114627	0.8885989204463774
MB.3001	0.011839850056194	0	0.0045213998672794	0.049197813541519	0.018551660067761	0.042594404296202	0.0068626704839419	0.12840790203806	0	0.023853266781356	0	0.093244087038442	0.057718044256524	0.023213036637711	0.19347147749625	0.21771879203454	0.08777493427956	0	0.041030661124659	0	0	0	0.03	0.22612353449291386	1.004809630341717
MB.7057	0.0090676780683086	0	0.18806493112808	0.024903999699022	0	0.10411007763687	0	0.011603948676589	0	0.074267798161252	0	0.022472982349947	0.044651011686325	0.083999295748721	0.090626177938153	0.09590585572878	0.067464990245065	0	0.18286125293289	0	0	0	0.07	0.12071074987174948	1.031653273666609
MB.7023	0	0	0.006225108136402	0.10026168392584	0	0	0.010587699600014	0.066687688482828	0.0030433191608729	0.049711809749408	0	0.058747402031377	0	0.12381072326833	0.077371414315557	0.46391773948875	0.0014694407924585	0	0.03816597104816	0	0	0	0	0.36611469939410207	0.937152584734619
MB.3500	0	0.0061771426823504	0.020156726633207	0.036364879872702	0	0.068688702506067	0	0.036334960236685	0	0.0028128475283716	0	0.038646646921188	0.0425417398863	0.47251952276447	0.089989387901414	0.14486198403083	0.0006	0	0	0.040296720820604	0	0	0	0.41519155064584606	0.9208845956015057
MB.3396	0.011866410763439	0	0	0	0.0050577662018864	0.029020516745839	0	0.059273786087846	0	0.079948294286415	0	0.039466816454966	0.015585446879166	0.11061896876637	0.099668819100672	0.42687425159642	0.0010171881329953	0.0030273787596489	0	0.11857435622434	0	0	0	0.3731519439605557	0.9355914932937381
MB.7145	0	0.0063589866249594	0.011175618384541	0.027050579836533	0	0.023168359424549	0.0013862268005522	0.051131549528262	0.087967093719828	0.052597526353024	0	0.031165304374169	0.051302788527014	0.23260282928448	0.091387344902022	0.31741874580815	0	0	0.015287046431917	0	0	0	0.05	0.18334276833406535	1.0236955685234321
MB.7155	0.0010790415543025	0.0094809076656082	0.021981841464005	0.053375025621105	0	0.076738426812875	0.055592422279077	0.16348798378743	0.002246790718992	0.056097053577382	0	0.099514842313262	0.0017623269996763	0.068005522230811	0.16912358005523	0.11098316404594	0.0064056006221583	0.0090721914344741	0.095053278817665	0	0	0	0.04	0.21852027861510454	1.0098667748844898
MB.3218	0.016908251632061	0	0.019127709948857	0.0035954748181982	0	0.17281175157673	0.0046707600401282	0.053868771122657	0	0.1590229578882	0	0.070549468320739	0.015587958125538	0.025699420248487	0.17010550706363	0.21369270713578	0.018404359696062	0	0.055954902382931	0	0	0	0	0.4582710640589469	0.8884624232346009
MB.7270	0	0.0094354053416064	0.012555320588707	0	0.042472818153089	0.10961267807005	0.0048325039124923	0.11531977174281	0.017762342873975	0.14262411545402	0	0.042933463780892	0.077156691963869	0.041256184935558	0.18552971109121	0.10133684592396	0.0059974121587253	0.0081500063328175	0.08302472767621	0	0	0	0.01	0.27050931527295735	0.9845331804653867
MB.7008	0	0	0.0034453652166966	0.093377921370704	0	0.10094360051701	0	0.0010710644013142	0.0051309488232075	0.030750103102056	0	0.077117198826062	0.035613698756893	0.017930075970679	0.1024112379041	0.37266768702815	0.058878664118782	0	0.10066243396434	0	0	0	0.01	0.29625756605967374	0.9651539979236456
MB.7009	0	0	0.0061250423684809	0.01940538123742	0	0.1139386724467	0.003768366749165	0.057907701241984	0.018798992124593	0.019736861544606	0	0.022984786963115	0.034129939337914	0.2948110300728	0.070721002581653	0.18310033906724	0.015992878627395	0	0.12226143975263	0.016317565884303	0	0	0.03	0.2258908354167443	0.9997983642942809
MB.3153	0.01609563719212	0	0.022322889897383	0	0.025468342523157	0	0.018800368065467	0.21773442385733	0.0073196673987978	0.068837122412704	0	0.0069605720960238	0	0.23766196020215	0.19890840783986	0.080219649854925	0	0.014941627430584	0.084729331229497	0	0	0	0	0.34159911269537224	0.9511893975519748
MB.3211	0.010017007406436	0	0.1058350211414	0.073602600104629	0	0	0	0.15867143088825	0.033354945823541	0.044663681506198	0	0.15274976708455	0.038788277381141	0.098729791170167	0.12955476301105	0.12111326531014	0.0066217910535776	0	0.026297658118929	0	0	0	0.01	0.2620774145445078	0.9876493916967054
MB.7081	0	0.0061995252749433	0.087705983606445	0.067599783771939	0	0.051033324667488	0.060182402100783	0.031882820470598	0.0069154401562329	0.068911014881852	0	0.11103180146768	0.040789951016099	0.11964442031097	0.1533151701685	0.13317101380064	0.0038262558696811	0	0.057791092436145	0	0	0	0	0.4421200495463926	0.89627954637251
MB.7055	0.03703860713054	0	0.0001	0.0019322630267684	0	0.1067591723158	0	0.13889840721942	0	0.001571393427572	0.020970572401142	0	0	0.46113137619892	0.054869598723091	0.1721210317584	0	0	0.0042398016188644	0.0004	0	0	0	0.4936176771265538	0.8712275566673093
MB.7121	0.01518515255984	0	0.14800016349135	0.058198325327326	0.012746869123352	0.14378824963192	0.015870649841236	0.088415740638799	0	0.062464240343254	0	0.047031637601909	0.034433007808648	0.12977243431046	0.14646957261149	0.052612286595119	0.0044825603098921	0	0.040529109805406	0	0	0	0	0.5480526258294148	0.8404776356242298
MB.7158	0.0086114210493423	0	0.31628287758728	0.038169798334405	0.0047525759241649	0.035905728263964	0	0.10000964023081	0	0.019455975190793	0	0.055358626920347	0.014542836047907	0.23492118764066	0.091898408954309	0.058459566426527	0	0	0.021631357429491	0	0	0	0	0.5837148970896393	0.8140330122188453
MB.7258	0	0	0.0021526273008683	0.20673181891929	0	0	0	0.16345576216946	0.07726775014987	0	0	0.10859357125828	0	0.13943971222984	0.099985016754694	0.15480489833865	0.0064992535588805	0	0.041069589320174	0	0	0	0.06	0.13767661347229285	1.050568587588459
MB.2993	0.021512039834564	0.0023781639786974	0.01263599421413	0.068831309720214	0.0050700137363002	0.059601269705401	0.0081628285283211	0.10890332373991	0	0.035733998158388	0.071387101923291	0	0.001884583144692	0.1327458923709	0.1529433452905	0.21042959957656	0.015497422455547	0	0.092283113622582	0	0	0	0	0.3508664518470272	0.9400117998825945
MB.2904	0.019699892194474	0	0.067027157408936	0.15872337237971	0	0	0.035154236157174	0.060300921781208	0.01049932611048	0	0	0.10977662234218	0.0035818520244029	0.16155585216977	0.098130398681731	0.18174988178114	0.017000410617817	0.0007	0.076079586211136	0	0	0	0	0.4126590584246779	0.9102892864598106
MB.7154	0	0	0.013928402868436	0.2474862225351	0	0	0.064942119667725	0.13609948334709	0	0.020665075035846	0	0.098655844667325	0	0.02026601714011	0.29339766646359	0.031098694745236	0.0025054870386588	0	0.070954986490876	0	0	0	0	0.5106973147413628	0.869353477942462
MB.7165	0.047216670820402	0	0.061691522499008	0.019186399554666	0	0.026805981112317	0.026807199840223	0.15741412845732	0	0.013026366433321	0.024983564133271	0.030136488166231	0.0085581819096236	0.27334433207435	0.10932926933237	0.056212334910541	0	0.10687166599596	0.038415894760403	0	0	0	0.03	0.2362767056410099	0.9956889075544114
MB.2850	0.0058471072141227	0	0.037982810907465	0.075735307007869	0	0.10340638390848	0	0.13837979155751	0	0.067125850935725	0	0.073170516259806	0.0034529394942821	0.20335141407773	0.16312549577301	0.07887103568188	0.021078996307176	0	0.028472350874937	0	0	0	0	0.5140835105768042	0.8572514815972494
MB.7052	0.020064074442147	0	0.043016931250767	0.0089239798984804	0	0.11922449282687	0.015410537722747	0.15202585402202	0.019906542794788	0.048343383161694	0	0.068483964220851	0	0.16777072833493	0.1518458172298	0.11724948953466	0.047404300379496	0.0042244432255933	0.016105460955161	0	0	0	0	0.3689319245805055	0.9329455216585982
MB.7090	0.04995128544043	0	0.11363322416909	0.039277940694985	0	0	0.03361866174479	0.1507764008055	0.0001	0.018796745882359	0	0.022499074307487	0	0.30045348064516	0.069592718347737	0.13470533799998	0	0.012082226280017	0.048295911441869	0	0	0.0061742859781838	0.27	0.06282671709892679	1.0671762230621409
MB.7087	0	0.0028400139583523	0.0097817748547997	0.041592764064118	0	0	0.05211785587931	0.14365336824968	0	0	0.0053730947560458	0.1458338496144	0.066646070209611	0.1163874357947	0.20327494758433	0.12758818798152	0	0.01649620287757	0.06841443417556	0	0	0	0	0.3066813484432431	0.9724860466206342
MB.7025	0.0004	0.014036409850801	0	0.050232787942849	0	0.17390188256105	0	0	0.024788031533862	0.017074799401651	0.0022935443396567	0.039126309750116	0.034615042327622	0.20207785044204	0.10483642777963	0.26565804835907	0	0	0.070936516866608	0	0	0	0	0.5895970247611411	0.8187120628959038
MB.7036	0.0004	0	0.017257385195263	0.10006283627342	0	0	0.015919005529531	0.13423354653827	0.013721780548812	0.054685651274091	0	0.079224721281286	0.026862093101687	0.2157906456835	0.13268374405713	0.11660740490066	0	0.092515040114104	0	0	0	0	0	0.3590615491182339	0.9421614818183018
MB.4769	0.017330051564676	0	0	0.071310781149951	0	0	0	0.12688951854985	0.013998379001967	0.011335576503368	0	0.042942490434366	0.024857861870498	0.4326268364224	0.14364168663472	0.11196590537839	0	0	0.0031009124898156	0	0	0	0	0.482496328006147	0.8775415986770124
MB.4793	0.040330867962592	0	0.010400129740386	0.023536018240739	0	0	0.016973182618993	0.16647204892246	0.019292731543068	0.032381902105523	0.012581734161627	0.034771803903765	0.095475481098598	0.1812798530822	0.24856136139371	0.096353620128841	0	0	0.021589265097505	0	0	0	0	0.3129478985394498	0.9722143771128984
MB.4679	0.022212517888146	0	0.0005	0.12235602704089	0	0	0.17878555624524	0.13418824655159	0.024691639598097	0	0.015505795754335	0.071411007841966	0	0.19802811119754	0.10922664231942	0.023445692659279	0	0.001	0.088580755792161	0	0	0.010112706038392	0	0.3750939675211829	0.9294066861995787
MB.4660	0.051273680696389	0	0.033908645817485	0.1399726286016	0	0	0	0.15358667744282	0.074053122347632	0	0	0.069295598960754	0.01256132159662	0.2108519744734	0.16250686678138	0.0041010663723444	0.0067508016580868	0	0.081137615251498	0	0	0	0.08	0.11868920275641288	1.05467255934466
MB.6248	0.013090058978224	0	0.24861605779895	0	0	0.092293684339221	0	0.069592179880384	0	0.072064480927927	0	0.057580806543038	0.077457634376323	0.17235616550064	0.090645426139252	0.082478085827606	0	0	0.02382541968844	0	0	0	0	0.36713015794416864	0.9340093374321878
MB.6280	0.010344170485071	0	0.042714085597682	0.0079784424854901	0.0026120877792402	0.0058395026455257	0	0.0806420038869	0.01788192016718	0.021622924598873	0	0.024095358398146	0.06399554297215	0.35429281129577	0.1595223660817	0.19674911933941	0	0	0.011709664266858	0	0	0	0	0.3442022993319398	0.9558062933122761
MB.6098	0	0	0.018093959285671	0.088256650492116	0.056562557013304	0	0	0.0073965447670843	0	0	0.025220245660309	0.010177057394741	0.015964890322624	0.39689106042603	0.21602588494935	0.11841113090937	0	0	0	0.047000018779391	0	0	0	0.34777292906063606	0.9673520204245143
MB.4974	0.0076424657148953	0	0.018163586230815	0.078884606366106	0	0	0.018652854595423	0.056354648454057	0.023719171535823	0.092481919701066	0	0.11436529667811	0.036566829560647	0.28485298500684	0.11349367997377	0.12904961342499	0	0	0.02577234275745	0	0	0	0	0.4668394592558835	0.8839136807067052
MB.4696	0.0085251195059007	0	0.0686300048119	0.020689696546063	0	0.042519099000702	0	0.059997747275174	0.020039010929348	0.073811979675826	0	0.0073217236125328	0	0.48330849896798	0.091269497714225	0.075987412869282	0.028241570260334	0	0.019658638830735	0	0	0	0	0.4615064616580777	0.8900887532701165
MB.4881	0.077155509502248	0	0.035779025374294	0.23576912334258	0	0	0.01981353919337	0.11630434341622	0.014834051715065	0	0	0.023637144885295	0	0.2235574445531	0.15757678926684	0.0614998478972	0.009496574113654	0	0.024576606740128	0	0	0	0.05	0.17526195645048334	1.031044490974557
MB.4865	0.011762536783217	0	0.1787951520367	0.13081585677644	0	0	0.0062082784178083	0.10634786788756	0.008567530553041	0	0.02350024304831	0.027950974027532	0	0.26265879339969	0.082131929991913	0.14448504003592	0	0	0.016775797041875	0	0	0	0	0.525508280387604	0.8524764185136301
MB.4416	0.015232535020341	0	0.049201418853115	0.16307611835216	0.0022778294733239	0	0.055758083050756	0.1149421574763	0.057422472745184	0.014567125270922	0.013060210673389	0.017721238374311	0	0.25085216488062	0.10841431532412	0.099808240391699	0	0	0.037666090113756	0	0	0	0	0.4004954039021639	0.916838053533394
MB.4407	0	0.0025367749253557	0.0022051517823253	0	0	0	0.076019434050325	0.051984119963242	0.10796812019481	0.0358786804397	0.0093018554711439	0.0009	0	0.53099379935606	0.026654045250171	0.071509748656794	0	0.029138449037223	0.054869268629504	0	0	0	0	0.35127991932200736	0.9578997365021773
MB.4621	0.0020098431828304	0	0.0088209465353136	0	0	0.13291046952681	0	0.04700618951944	0.050162159060652	0.016341725321245	0.079715641526829	0.077127764482116	0	0.32536732509342	0.022535697308161	0.20298684316883	0	0	0.029472004736564	0	0	0.0055433905377886	0	0.4313374638337124	0.9037489038875112
MB.4893	0.038857625125945	0	0	0.16813691916654	0.023978762381699	0.007391781358539	0.035077541807327	0.057380634612711	0.022923803563824	0.072822215113043	0	0.020877283368528	0.035325553095285	0.18780722641999	0.14849788409245	0.12388721770978	0	0	0.057035552184348	0	0	0	0	0.6081223282034762	0.8063034804443828
MB.4792	0.002983630316419	0	0.0025307355363106	0.026459357170378	0	0	0	0.14854868665707	0.052723992891158	0.018949477636732	0	0.042387999761278	0	0.42045300295019	0.079689701375114	0.18472816725245	0	0	0	0.018021503159917	0	0.0025237452929732	0	0.6645878296281874	0.7578402497562318
MB.5008	0.085165573868399	0	0.014240940340455	0.040071666304353	0	0	0.014712269192806	0.13483159219468	0.031558013302523	0	0.063265576971356	0.023895082283404	0	0.15895926748376	0.15347865172043	0.087973491570314	0.003031336873809	0	0.18881653789372	0	0	0	0.56	0.010053015290753071	1.0851608521341571
MB.5295	0.015485684977336	0	0.016887582184116	0.12114896313801	0	0	0	0.12265205038772	0.043414939365765	0	0.030515866581943	0	0.021330984301504	0.30754594326541	0.16505048888358	0.12492174377905	0.0065183308251072	0	0.023867067071684	0	0	0.0007	0.18	0.09485773769584324	1.0731107861284617
MB.6058	0.012693336341765	0	0.063189577551288	0.1515195605744	0	0	0.05085866502578	0.058447534817887	0	0.041351058314926	0	0.035009912881499	0.0007	0.14653713774874	0.22798602222217	0.10007882117559	0.044457488286471	0	0.067175766964099	0	0	0	0	0.46098514861377343	0.8874843862603379
MB.6052	0.023512651000409	0	0.072946543358793	0.07973453911056	0	0.17058642479691	0	0	0	0.12269683220342	0	0.038403809330192	0	0.14367555971864	0.13666477921105	0.060173661543771	0	0	0.15160519972625	0	0	0	0	0.42845775746206327	0.9029292711365177
MB.5335	0.0073107290491515	0	0	0.035321398391112	0	0.08407262112227	0	0.052101718209222	0.082641082598067	0.017894635247963	0	0.047378435494417	0.077022087266911	0.31869245001588	0.130644640201	0.055281301539348	0.016971495058494	0	0	0.074667405806162	0	0	0.19	0.08998654239186345	1.0716521638332568
MB.5135	0.019204824634995	0	0	0.0057516616144645	0	0.057377545992536	0	0.09925507394987	0.004849328229055	0.0096369314542552	0.06326967370356	0	0	0.38341650967407	0.068778429808968	0.099064866216439	0	0	0	0.18939515472179	0	0	0.19	0.09074367129878592	1.0917680200273998
MB.5057	0.023239134722479	0	0.011622627015967	0.10176227489271	0	0.1010019790623	0	0.059985030284654	0	0.026372042206895	0	0.006738710604404	0.013977763006619	0.3996213306877	0.14492560367678	0.099093976563824	0	0	0	0.011659527275675	0	0	0	0.36266475860131675	0.946431653603641
MB.5102	0.012192764318842	0	0.035806341329421	0.008182338966832	0	0	0.016765316514844	0.20536878181098	0.010400610572652	0.059789506012182	0	0.063232952592021	0	0.22008714101909	0.13867173105145	0.21253684432729	0.0003	0	0.016663687842882	0	0	0	0.01	0.2551706074049281	0.9898429010494758
MB.6272	0.05446971173492	0	0.0007	0.017293469763122	0	0.046936127518721	0.013861341910744	0.086191233477407	0.0031853167286393	0.009031557711571	0	0.10435655057553	0	0.20247636350906	0.27631545144253	0.086671284019386	0	0	0.098514754974987	0	0	0	0	0.4340179283757469	0.9103787380771557
MB.6245	0.041749028932345	0.0048153584901118	0	0	0.12833883251236	0.071049552024248	0	0.0636770261309	0.095369343805889	0.068024548276464	0.0043952742854641	0	0	0.30250111710211	0.20137646334698	0.0060943394678925	0	0	0	0.012609115625239	0	0	0	0.4067496560882541	0.9217083131427033
MB.4303	0.0039901793311686	0	0.018902903537527	0.17778891750562	0	0	0.03071948072392	0.14138755244955	0.097221727763923	0	0.030782933506695	0.017443783279082	0	0.25396111435086	0.12260367984477	0.0519937749408	0	0.0080754961548239	0.045128456611267	0	0	0	0	0.3577264263429979	0.9406350214879012
MB.6336	0.043554355182094	0	0.027623814599725	0.13929656052203	0.040704986919492	0	0.0078024890134369	0.14500654537479	0.01922421287933	0	0.0038492521288128	0.059989583415439	0	0.20301681158378	0.25014181019059	0.038141718879569	0.0002	0	0.02144753368633	0	0	0	0	0.49592383176313043	0.8698818796686985
MB.5208	0.056315828750086	0	0.0078929333020717	0.035227546360154	0	0.073540507659216	0	0.046473299517609	0.048239197060313	0.074704459065872	0	0.046648179454774	0	0.27228220790491	0.16753984026662	0.16251350367744	0	0	0.0086224969809317	0	0	0	0	0.41355875856471874	0.9137136038660815
MB.5440	0.010281439550193	0	0.0067270115783347	0.076572608106698	0	0	0.094563493865135	0.077739393568102	0.031322959523503	0.057066582956257	0	0.13310238075444	0.023405991112112	0.20624974642362	0.16142550721043	0.089819016488625	0	0	0.031723868862544	0	0	0	0	0.45286700402277547	0.89234496452283
MB.5346	0	0	0.027612815910212	0.07153024321596	0	0	0.10505669041521	0.14116855005188	0	0.027412189743647	0	0.053888670373879	0	0.30784520849996	0.13066616137786	0.10817406713623	0	0	0.026645403275158	0	0	0	0.13	0.10817759570032279	1.06002938584985
MB.6178	0.0448486712092	0	0.17446471538586	0.082284435963214	0	0.053887097129464	0.0094395034035473	0.11017843509287	0	0.0088620001255344	0.019873886943798	0	0.0066191711483198	0.18495261712694	0.22284607013008	0.076872476962546	0.004870919378627	0	0	0	0	0	0	0.5504451094719132	0.8344268007156713
MB.4417	0.02252630457173	0	0	0	0	0.0058645476616802	0.082945728371445	0.14332714574476	0.027527532859307	0.089718062395804	0	0.048834080987295	0	0.29049235207553	0.14263316774341	0.052619407556883	0.010137246110713	0.013354061466476	0.070020362454963	0	0	0	0.01	0.2579428773768723	0.9884398043074659
MB.4332	0	0	0.045629023882195	0.18862718478785	0	0	0.070506125489291	0.11793368292212	0.094637874124264	0	0	0.12430790474087	0	0.26819422944063	0.068064175399762	0.018560721603266	0	0.0007	0	0.0028176332423228	0	0	0	0.31542688831407095	0.9672304677535396
MB.7205	0.033076662718096	0	0.014205513083598	0.055056452166556	0.0096774192331001	0.010065931841773	0.015299020399871	0.097364415595333	0.0030111179296058	0.028051209214165	0	0.046149310683706	0.035746610030737	0.12060690382368	0.21199018427914	0.14842089342842	0.066030938016178	0	0.10524741755603	0	0	0	0	0.4204499499453964	0.9078294154235096
MB.7159	0	0.051854330054652	0	0	0	0.11713176431428	0	0.15959662095621	0.078969905295587	0	0.050753345306053	0	0.044346784612738	0.32216657552298	0.0073378560157168	0.016106037180283	0.033641976908081	0	0.086743800600184	0	0.031351003233239	0	0.35	0.04701126003960282	1.072550100559096
MB.6143	0.046953604479223	0	0.12187364914579	0	0	0.035348321809365	0	0.024344993349365	0.0040446170823579	0.023548096902702	0	0.010998594308811	0.024085937898396	0.22784333788679	0.04660214427705	0.27870765825724	0	0	0.13212904293716	0.023520001665755	0	0	0	0.36161520696420907	0.9363948058660386
MB.5225	0.0050694470734387	0	0	0.24529671720119	0	0	0.058000771650096	0.079402581564793	0.010153111673234	0.16782665649334	0	0.043925578939517	0	0.20235257116539	0.089619512067339	0.068474890247876	0	0	0.029878161923782	0	0	0	0	0.30851057216291183	0.9734100745499542
MB.4024	0.012445905821387	0	0.056108061878345	0.028066449996372	0	0.021976371083564	0.0006	0.10529747346311	0.027097848309867	0	0.018687022960032	0.022597687055194	0	0.28823524668081	0.073903898331826	0.31069072863989	0	0	0.034337759222675	0	0	0	0.01	0.2812429137229187	0.9795225016616713
MB.6242	0.0003	0	0.022367890988133	0.15437190577419	0	0.08431083117019	0.047602075187151	0.078412911522654	0	0	0	0.13194511996752	0.039282670265487	0.13917926433013	0.081868868759666	0.17417481245281	0.016799696290688	0	0.02936093498995	0	0	0	0.03	0.23212984790987867	0.9985024202902953
MB.5173	0	0.0001	0	0.014559418746798	0	0.056731442959954	0	0.013967939078658	0.0091414675781853	0.034599002919444	0.0053309775795545	0	0.061152000219254	0.51779187869731	0.086976688126661	0.13807109859946	0	0	0	0.061596321960366	0	0	0	0.6726091766713334	0.7441167208702468
MB.4931	0.01895341788511	0	0	0.22648621765904	0	0	0.036431815326516	0.04725852488332	0.016668689827236	0.14590587395832	0	0.13431572754412	0.0096455761415963	0.1378888665675	0.095845193642173	0.062794016454748	0	0	0.067806080110325	0	0	0	0	0.489044874901292	0.8732908406480422
MB.7045	0	0	0.053031315742421	0.12931662203231	0.014007994234735	0	0	0.058756888558597	0.01560938889715	0	0	0.091899621558585	0.053354420331524	0.051696783826632	0.11647988757075	0.23934136017599	0.062321700348208	0	0.1141840167231	0	0	0	0	0.3633274033051859	0.9321107925937699
MB.7049	0.07121563611504	0.015160233420786	0.046005813214794	0.2812699840522	0	0	0.0071468979151995	0.18737666578634	0.0037483793776235	0	0	0.078751970695646	0.015482336364625	0.077379990825696	0.057269521491965	0.11219194836849	0.0065606917919979	0	0.040439930579603	0	0	0	0.22	0.07356621016111255	1.0758689233039722
MB.7031	0.020331510369789	0	0	0.10900773635823	0	0	0	0.11521441472572	0.066449991385111	0	0	0.16590037838884	0.0045538770365621	0.040051128226106	0.028967921215767	0.25553308758459	0	0.1458458607724	0.041528038598874	0	0	0.0066160553380043	0.06	0.1402698386487903	1.0429484224110006
MB.7078	0	0.0065805890377525	0	0.097809232249847	0	0	0.050948098056361	0.027128312730247	0	0	0.021591575814761	0.042786631896105	0.029371605261066	0.29166040384187	0.053072831782698	0.35287529615268	0.0064549824549224	0	0.019720440721691	0	0	0	0	0.35032656822310226	0.9489740679408466
MB.7038	0	0.0051294397621425	0.044947448815199	0.03069999904921	0	0.12199306501085	0	0.078503338281204	0.021731189679672	0.071812110180129	0.0023164126761022	0	0.012683069149224	0.22830244055922	0.11212328479133	0.14275178503058	0.019726133543698	0	0.10728028347144	0	0	0	0	0.3472901149031891	0.9404378663843004
MB.0399	0.0018484294677335	0.017502711019667	0	0.029234582143049	0	0.15465242573562	0	0.026552867963909	0	0.074298996485498	0	0	0.034421381498619	0.25761355424801	0.08791280631251	0.26063407510413	0	0	0	0.055328170021264	0	0	0	0.30344865921885117	0.967929538118011
MB.0191	0.0051466755422283	0.028752402374379	0	0	0	0.05347165549805	0	0.045705751632199	0.021268752677055	0.089874027666444	0	0.060663993704356	0	0.36718459681327	0.088015350068616	0.22265452557716	0	0	0.017262268446243	0	0	0	0	0.3114587349436346	0.9714847707172594
MB.0639	0.021324891880028	0.0051895477584866	0	0.0054833742833837	0	0.16729552597743	0.0023802642922105	0.015875416707474	0	0.05666382710473	0	0.033285538478349	0.057488062878141	0.16655970618336	0.055650752128406	0.24174250030401	0.017183158263759	0	0	0.15387743376022	0	0	0.05	0.17261130591545298	1.0252924134739412
MB.6251	0	0.067197356215456	0	0.044250685441103	0	0.023808362701756	0	0.040755077907981	0.031855419736565	0.011872055460522	0	0.069066060787516	0.013834835539567	0.39817942114595	0.051711373315791	0.20971652738255	0.0125433320543	0	0	0.020001045015349	0.0052084472955986	0	0	0.34740120426232085	0.9531692839912492
MB.5450	0.064590869942815	0	0.0038663924659143	0.059601020080434	0.0074176521897058	0.18464394366483	0	0.01697169116518	0	0.043330892035892	0	0.031120714452141	0.024615529617646	0.11074441049409	0.26792679455744	0.10932133152413	0.036503369630225	0.0004	0.038896133301971	0	0	0	0	0.5825802599550337	0.8130687903010302
MB.5155	0.0077366952584047	0	0.015373909898698	0.043511353752068	0	0.041636607034601	0	0.027654177711173	0.017605022746828	0.056573717648301	0	0	0.012515941573584	0.29400339145363	0.068017617386221	0.10125975932585	0	0	0.27150023306094	0.042611573149709	0	0	0	0.37528190714024123	0.9321912657685808
MB.0100	0.020854640769141	0	0.023181677085395	0.025070315391558	0	0.12691910440586	0	0.11013710122601	0.0055492045163949	0.086235238374931	0	0.028394569973671	0.03259822307032	0.22876679426023	0.12208957023946	0.094874162610347	0.058526709316305	0.0013471114275796	0.035455577332807	0	0	0	0.03	0.23274368519674507	0.9938710084346786
MB.5572	0.029959118256072	0	0.13113823402393	0.082900152969034	0	0	0.027576727278676	0.069939433698268	0.021265621848945	0.066238331070528	0	0.069830916017348	0.027884784801618	0.26206430188863	0.13306562110747	0.020740549411044	0	0	0.057396207628436	0	0	0	0	0.5783053723567082	0.8232929130520898
MB.5655	0.071195199781357	0	0.047443918800029	0	0	0.026023051296709	0.078577880192332	0.052363050343832	0.041532071916763	0.032109309104796	0.015831178811859	0.020594348102057	0	0.40376949601253	0.10322375111358	0.059632500172336	0	0	0.047704244351813	0	0	0	0.07	0.13451719571838708	1.049013575148742
MB.5633	0.053279986428287	0.029429723823272	0.24761762116547	0.05938008910609	0.082722711472103	0	0.0053777564716244	0.10245634617133	0.026792565926547	0	0.016136051988812	0.045450787637031	0.0092575166310856	0.13525925855398	0.14350570012124	0.035029129165057	0	0	0.0083047553380584	0	0	0	0	0.5708222516450869	0.8224618306445904
MB.0627	0.021581181206634	0	0	0.058014981892955	0	0.15912305334399	0.031071863836484	0.02287293631665	0	0.10242477497194	0	0.10542658570894	0.023938567107356	0.037975937898529	0.14341517092431	0.16561094351234	0.019798573003667	0	0.1087454302762	0	0	0	0	0.42444837202484487	0.9059778525781811
MB.5624	0.066856487520055	0	0.28694506863835	0	0	0	0	0.11329696472216	0.022261159681251	0.043142835113558	0	0.033358111728705	0	0.19562096931155	0.11746163630136	0.11151422821178	0	0	0.0095425387712212	0	0	0	0	0.4814491958240092	0.876346094859752
MB.5566	0.051160102955046	0	0.15712375115377	0.036214177057004	0.040639754736006	0.0774847576254	0.019491848207279	0.13589892222768	0.023441574316656	0	0.060567028250754	0.0088174710422992	0.013774596485064	0.24728097703352	0.0652559410308	0.031619231418112	0	0	0.031229866460601	0	0	0	0	0.37891558725300956	0.9268127499474128
MB.0414	0	0	0.0084479733259761	0.16251576305643	0	0	0.0066079133315327	0.093814642384997	0	0.027659259668448	0	0.17262219857387	0.02049907289295	0.16625214137853	0.15420419627021	0.12669611222959	0.015302554899551	0	0.045378171987912	0	0	0	0	0.5246865041790932	0.850597932671545
MB.0396	0.0363812932576	0	0	0.28057691718763	0	0	0.11514305456719	0.089697865810079	0	0.024842236771865	0	0.12177715130537	0.022724261278842	0.11089946332686	0.10281871012918	0.083823605417051	0	0	0.011315440948336	0	0	0	0.01	0.27830473552343543	0.9897217267561111
MB.0874	0	0	0	0.10293424844061	0	0	0.034138685915383	0.071732829136764	0.013587350762408	0.041543825076656	0	0.11381377659273	0.037796784635306	0.3113911499551	0.064245697806293	0.18781919442276	0	0	0.020996457255993	0	0	0	0.05	0.20096316959980826	1.0220030656741124
MB.0269	0.0017294863776046	0.014086433657318	0	0.028582244353256	0	0.060277782288078	0.0084362621100213	0.017780474351534	0	0	0.017815895108932	0.006081256006835	0.16664735063924	0.1270663520993	0.028262375262467	0.39360339237496	0.061203629104963	0	0	0.068427066265491	0	0	0	0.4867667902857366	0.8735572282052525
MB.0901	0.014434165205485	0	0	0.072491838330382	0	0	0.010472925965805	0.03354989017885	0	0.16917177968079	0	0.034187221129768	0	0.35467406487985	0.10679868446717	0.15719415286214	0	0	0	0.047025277299767	0	0	0	0.379131057368162	0.9364431236451222
MB.0464	0.053545380701656	0	0	0.043194320881427	0	0.16926320427794	0	0.086409896815975	0	0.12142041819498	0	0.075044385103387	0.040224052924047	0.059631789268191	0.17335968068913	0.11090127893506	0	0	0.067005592208199	0	0	0	0	0.4133896414925702	0.9133212135964351
MB.0163	0	0.0008	0.0022472792034013	0.028753847787898	0	0.07931803991856	0	0.079111579104805	0.02596363194189	0.019849001955171	0	0.040060799567002	0.0053525419822814	0.1850921188146	0.059457028542676	0.46414126888562	0	0	0.0058802538707449	0.0040099827087746	0	0	0.04	0.21859034986627826	1.0151937960954136
MB.0149	0	0.0036169380226168	0.0030881101121988	0.0030190515549739	0	0	0	0.10933585097051	0	0	0.02335597021559	0.0083939482844011	0.064509054456661	0.58470112030474	0.0050353020467607	0.053581356049772	0	0.029339068831523	0	0.11202422915025	0	0	0	0.38434161101949177	0.9529253637322415
MB.0350	0.024956753013407	0	0.0032853451509089	0.05053512235594	0	0	0	0.10222277732427	0.029329838532603	0.01102370879101	0.012924322758312	0.0028109837282263	0.0044122146407616	0.43938516408493	0.039640941032167	0.22147611034611	0.0006	0	0.057370818292475	0	0	0	0	0.41277726473981574	0.9189955770716022
MB.0303	0.011547249229807	0	0.11395544863698	0.087914295903919	0	0.0047523070035744	0.023544664630153	0.13503647299448	0	0.064760026198158	0	0.064125552161622	0.04288736256497	0.063698113891132	0.15154424559823	0.14293384575081	0.024455669949469	0	0.068844745486699	0	0	0	0	0.3832054758968942	0.9243185736172044
MB.0436	0	0.016011506217122	0	0	0	0.018229416003837	0	0.028748647686419	0.031041019820025	0.039397097094317	0	0.030468115276448	0	0.34449814407292	0.071427373590288	0.37564414629336	0.012468944068416	0	0	0.032065589876849	0	0	0	0.5404101127744102	0.8413259645119424
MB.0588	0.021732251841081	0	0.035788764458063	0.033172516364081	0	0.2565077589337	0.020159294751252	0	0.019362698091102	0.017944554556929	0	0.022581601015413	0.062119773168598	0.0044625895694622	0.11625506401193	0.14171059689374	0.12179322754043	0	0.12640930880422	0	0	0	0.02	0.2494609697392616	0.9781441986787166
MB.7119	0.028694139441638	0	0.010439568156064	0.015356912299964	0	0.017591827127038	0.014064521438084	0.12632835627119	0.0019133356387141	0.17467777024841	0	0.13556457063649	0	0.20919098285253	0.14911149879588	0.046748374104169	0	0	0.070318142989829	0	0	0	0	0.4580916921851337	0.8903816493864294
MB.7012	0.010033001205746	0	0.023492560766731	0.022914725949187	0	0.035503970751073	0	0.056868097201996	0	0.025676649056431	0	0.020606009085118	0.018158448172295	0.53564438026156	0.047269852096283	0.080025739350451	0	0.019479529650685	0	0.10432703645245	0	0	0	0.33290610602069054	0.9775271740879963
MB.0174	0.032336194056432	0	0	0	0	0.097366607649066	0.013522096742549	0	0	0	0.019097498329595	0.016453609115682	0.027770185979965	0.57361514473073	0.032058410527475	0.16950152736554	0	0	0.016932787580795	0	0	0.0012968966125658	0	0.7091253779365111	0.7123366767322081
MB.5547	0	0.011194378083026	0.0072179847685776	0.020851793307523	0	0	0.0087320516611891	0.18469308350257	0.023110349672135	0.057546338221126	0.036851251420873	0	0	0.4587023441945	0.092597614249188	0.076288328888471	0	0	0.022214482030819	0	0	0	0.28	0.06149958223142371	1.1018207020482356
MB.5465	0.081450797088316	0	0.016302004266352	0.022198092430303	0	0.073225338064162	0	0.076008139342501	0	0.038350096481651	0	0.037831899585373	0.003370577724356	0.30694832994916	0.18203379634096	0.11483442273152	0.020989921699931	0	0.026456584295414	0	0	0	0.04	0.21202501613527802	1.0191917054938002
