Input Sample	B cells naive	B cells memory	Plasma cells	T cells CD8	T cells CD4 naive	T cells CD4 memory resting	T cells CD4 memory activated	T cells follicular helper	T cells regulatory (Tregs)	T cells gamma delta	NK cells resting	NK cells activated	Monocytes	Macrophages M0	Macrophages M1	Macrophages M2	Dendritic cells resting	Dendritic cells activated	Mast cells resting	Mast cells activated	Eosinophils	Neutrophils	P-value	Pearson Correlation	Absolute score
MB.0316	0.02715926319161151	0	0.24606818309111175	0.1394702919410014	0	0	0.008533565615656333	0.13510675068010436	0.014565567226638649	0.07859408643794608	0	0.11863255144010486	0.005268524571710489	0.28484931604049396	0.2631356703920644	0.09554942070444357	0	0	0.06423302662057793	0	0	0	0	0.5114024934001327	1.4811662179534653
MB.0658	0.06318188448526411	0	0	0.1628143042086398	0	0.019243082231880006	0.011415096537545463	0.0713209924852132	0.009441100199780422	0.13543329878320196	0	0.08283657629458877	0.04183441702026916	0.27241848529476964	0.2845043934662336	0.16038636113229296	0.016328371927588348	0	0.10582578718706039	0	0	0	0	0.4822429355294965	1.4369841512543278
MB.0420	0.0225729403924131	0	0	0.010471972777611097	0	0.07865294016163266	0	0.03343419372098699	0.03060666927858348	0.017915278774110463	0	0.011081270626268068	0.04119802819149332	0.29495319700230377	0.07070752955940811	0.46493709991407334	0	0	0	0.04178668773975017	0	0	0	0.4891973340647521	1.1183178081386345
MB.0157	0	0.05273357661893119	0.042221076252732914	0.2394170166199356	0	0	0.0370899216679	0.07096174536577823	0	0.039378987350814736	0	0.15121838608206095	0.008220714537328914	0.21288237345013158	0.3013185064567796	0.2411452663671113	0	0.0036691803912452204	0.03992514366308613	0	0	0	0	0.45206218891824856	1.4401818948238363
MB.0292	0.012931928284330678	0.01262785765540384	0	0.044916153310879024	0	0.007904950028959882	0	0.013177579768179485	0.06827207256658725	0.024081243436481634	0	0	0	0.4188247473672228	0.04363544630463304	0.3059329153669271	0.03078389081763671	0	0.0027056742833467618	0.11524678652024258	0	0	0.01	0.29739010771764157	1.1010412457108307
MB.0401	0.008854154107263725	0	0.006070941519561868	0.04332451948285682	0	0.11394970614935436	0	0.07218972912046824	0.0011288666147811946	0.01875870123383734	0	0.07420142881058424	0.03565122519167772	0.25282119227725086	0.0968382218640448	0.3444535256999785	0.0024930523806129313	0	0.0887563923575144	0.0008	0	0	0	0.30223754170800254	1.1603195682011327
MB.0372	0.0005999999999999999	0	0	0.17598921112160523	0	0.017301135499950084	0	0.11390023952365386	0.04642128736994277	0.05360821853408226	0	0.1820090580156231	0	0.019474509917925053	0.05637383496959296	0.32036142579945126	0.12202760609952883	0.03372449061669663	0.05850011037198408	0	0	0.005241175485683981	0.04	0.21334908286958887	1.2055461721370564
MB.0164	0.009925721532440137	0	0.008112265531235664	0.0018503902382034211	0.01044897024424679	0.024025821685254106	0	0.03698676216388663	0.006560587470878933	0.031127243107173085	0	0.019960851321075276	0.07145290188387306	0.5437539637103824	0.024296128301529413	0.31655903228555365	0	0.010920295601470623	0	0.15361487251384498	0	0	0	0.48686670586242176	1.2695958075910483
MB.0516	0	0	0.003353957814668753	0.03138903540557246	0	0.06411833006017506	0.009744027567254005	0.06588388567462891	0.0038444128865243086	0	0	0.0795652933435122	0.09526245022760588	0.12715682080262783	0.1284287711040158	0.31357248959700773	0.012742818483016309	0.1002333249190027	0	0.07270310726687768	0	0.008831356191807214	0	0.3168897325973331	1.1168300813442968
MB.0494	0	0	0.07656456906362628	0.08964002064127483	0	0.03869918664907026	0.024935550305493548	0.010417077832782973	0	0	0	0.05781846234496735	0.047762064178870585	0.4486048170431247	0.15901769195939774	0.39337563934718656	0	0	0.004771709432458318	0.0201859408740881	0	0	0	0.4261058200944945	1.3717927296723413
MB.0400	0.006363539423361858	0	0.014332016228568034	0.04174646239694042	0	0.00923162571371195	0	0.05620365809344758	0	0.06898085474792665	0	0.07514835140403507	0	0.30039083463568883	0.13465435496818487	0.36890630990713713	0.0037239117967573614	0	0	0.06194909040055025	0	0	0	0.358741828392984	1.14163100971631
MB.0581	0.0714571468764013	0	0.16973362947612872	0	0	0.06922656078457079	0	0.1004786989611023	0.026768839975266343	0.007370486964201688	0	0.05932998053035272	0	0.21620635101500668	0.05227493967619689	0.10130151159268293	0	0.029656463144969485	0	0.12562758928510112	0	0.011011066348662888	0.05	0.1597784433957102	1.0404432646306438
MB.0664	0	0.01799705891946739	0	0.04235152072464452	0	0.07220148178301451	0	0.11480625052047784	0	0.005562520754244751	0	0.057347425023827454	0	0.4168210154105891	0.07867814778418113	0.20871304725470538	0	0.050222373683182914	0	0.07790646371525826	0	0	0.01	0.266907996526929	1.1426073055735932
MB.0446	0	0.0001	0.02860881962128771	0.007959403385982973	0	0.07681879525931543	0	0.054263124354505934	0	0.02117353137009173	0	0.08138058690206378	0.24959151521142867	0.2746667451057156	0.20201250861413098	0.17305784920208478	0	0	0.03602227198622153	0	0	0	0	0.4011782492590551	1.2056353678960765
MB.0115	0.029673878355253896	0	0.035762158841503695	0	0	0.052013913319696264	0.021134425297270703	0.12308830699818726	0	0.1251635175486523	0	0.07564038555731063	0	0.34182558808748337	0.2933305395190047	0.015142391247276604	0	0	0.09323276296908882	0	0	0	0	0.41050758652867925	1.2060078677407282
MB.0354	0.054761073523756504	0	0.025136538239544686	0.17850117932304682	0	0	0.11157006569584017	0.1740945082979272	0	0.2815489803193491	0	0.10719694387352167	0.013992125105159325	0.17775391110601874	0.20150854828724485	0.1777894337381714	0.008944994573382188	0	0.2764090400213547	0	0	0	0	0.5374562877747963	1.7892073421043173
MB.0481	0.0026344992836481603	0	0	0.16065732384113915	0	0.024858277267876604	0	0.1731594525730496	0.009287636549146248	0.10732279223602066	0	0.11574589368480988	0.014981708277480979	0.11139820708548755	0.1725371608409506	0.2331431628710198	0.05876003338561866	0	0	0.023930866408253218	0	0	0.01	0.2851211500611816	1.2084170143045012
MB.0238	0.044642576523992616	0	0.11300028906504395	0.04728501225192608	0.058651190325949384	0	0.015786471436287423	0.17449202192052937	0.006689406714630143	0.10345778019815985	0.009098064021496885	0.029282809453407145	0.07448077243386589	0.15853764511072438	0.2933466356632377	0.18805764812081902	0.006480188706119384	0	0.12727794589914482	0	0	0	0	0.4376724868016971	1.4505664578453341
MB.0525	0	0	0.028955961373501038	0	0	0.06939732547181582	0	0.10609824206516479	0	0	0.01694314275854879	0.016254312583013564	0	0.35231500756914585	0.03888511417842925	0.2286174496515418	0.0066877069883198356	0	0.1515927717469741	0.07102051385443019	0	0	0.05	0.1743546686949614	1.086767548240885
MB.0869	0.020625663568801644	0	0	0.058665065098658944	0	0.002514905631247219	0.0949304349858237	0.146653423705894	0	0.08164078106975209	0	0.040249241629132675	0	0.3637336027319799	0.18388684455268048	0.1353928331680883	0.02294475217391742	0	0	0.02467339169079183	0	0.011825983003554558	0	0.3772640704672321	1.1877369230103227
MB.4622	0.02338699410880675	0	0.0730094248958431	0	0	0.039677721657877044	0.04654963998681857	0.05724742014510288	0.024433499917678802	0.24784471611514594	0	0.08203138403662495	0.026849081592342124	0.4867266367689767	0.15578216521149157	0.07267430195836196	0	0	0.04496668611972466	0	0	0	0.01	0.3008658220116617	1.3811796725147951
MB.4717	0.03449758500910324	0	0	0.05445654516348881	0	0	0	0.05018724571891458	0.06988276909319087	0	0	0.09562522905997513	0	0.40388634809690305	0.04293122133282884	0.1813511363389491	0	0	0	0.10629433555974745	0	0.003245594855653116	0.05	0.2033810892778437	1.0423580102287542
MB.4757	0.010780473747246588	0	0.035954376326227104	0.032048748984788974	0.04731024734316741	0.09388133805879063	0	0.12638442591978222	0.011322911397791372	0.03511349729023954	0	0.08718512432058519	0.026830554738360223	0.15338069420542466	0.23835530328338517	0.24456933319067545	0.0046075427462279935	0	0.08946033223223306	0	0	0	0.03	0.23829849634982794	1.2371849037849256
MB.4715	0	0	0.02990145083286414	0.08493055031284905	0	0	0.013516057005643586	0.15085125121703855	0.03268004697136978	0.046279097617144827	0	0.06112031444785151	0	0.35280960016664953	0.22428874052846687	0.1707634594715286	0.01506410245823228	0	0	0.013106033001538647	0	0	0	0.3274799818940308	1.1953107040311775
MB.5281	0	0	0.02524781941782901	0	0	0.08104553234638513	0	0.07732517326107866	0.043409542015303115	0	0	0.03261246393278308	0	0.47274937442263393	0.05305313566401385	0.18841061128768077	0	0	0.05020277045916642	0.0066001018838442215	0	0	0.05	0.17453182936415979	1.0306565246907182
MB.5323	0.046688240157343665	0.06376168834708036	0.01597183677682878	0.13069470358842242	0.1022997676406929	0.11602339087663839	0	0.10975802606707438	0.040570649679004846	0.09408086408942783	0	0.1668098026792025	0.0708288399585819	0.25750071148873677	0.19507827259471563	0.131348741698455	0	0	0.10873470070711669	0	0	0	0	0.564702927705178	1.6501502363493221
MB.4911	0.04401862092947006	0	0.08268848857143606	0.07389984189793308	0	0	0	0.09602272325651952	0.011606804284321233	0	0	0.11557500727112344	0.01556018303073754	0.15629684147677544	0.13319888852443965	0.17501054865335486	0	0	0	0.26452327240180495	0	0.005162967107182429	0.05	0.1738079466600142	1.1735641874050982
MB.4888	0.061738933391767524	0	0.13961497929433334	0.06852817080038932	0	0.10197647055013372	0	0.05163803783221944	0	0.02051933333748162	0	0	0.010944383971402167	0.3484194922110255	0.3408499001201216	0.12902864065021724	0.017915501328927008	0	0.03222414643913025	0	0	0	0	0.5868144989163212	1.3234218801669122
MB.4945	0.010298371471986468	0	0.09332266471767454	0.09122116297329161	0.029451620074944413	0.13185128374369773	0	0.09654209507682188	0.021728325884618597	0.031854878079677434	0	0.018999692504328515	0.017070341898896675	0.32702035582662736	0.1633156584418207	0.08546231779539629	0.004405953810379162	0	0.06310331970546464	0	0	0	0.01	0.2811959243568576	1.185648042005626
MB.5072	0	0.04682432757518107	0	0.061724610522818406	0	0.15310514758157912	0	0.01083480399183659	0	0	0	0.07208259595480461	0.017203644222853032	0.18959774647544517	0.0571196496405651	0.27403587924576206	0.016105434642983883	0	0.1493289101298816	0	0	0	0.06	0.13672371130287952	1.0479627499837105
MB.5115	0.029683783419965346	0	0.028809552414472122	0	0.05930030331851362	0.0030402690203796133	0	0.11024910474286467	0.041524279703710025	0.043736131364333006	0.05697726624827853	0	0.02328429776616291	0.3505339132477271	0.25721830832010784	0.13569597154885585	0	0	0.028619863768556335	0	0	0	0	0.30857293881060727	1.1686730448839269
MB.4733	0.14801074727253938	0	0	0.22755166389252388	0	0.024975176893223133	0.06115095193229363	0.15450200433670327	0.021948829875444862	0	0	0.10426057073828254	0.02295765190354567	0.22260397262586168	0.2048149867103999	0.2026128610151124	0	0	0.1248697550307373	0	0	0	0	0.533498640109994	1.5202591722266676
MB.4758	0.06618652717706645	0	0.01278083050988872	0.03758761159210093	0	0.005834410952913387	0	0.08258124916826085	0.0047971411743387244	0	0.02377144310020823	0	0	0.410932169668497	0.012584384484779247	0.2047782571405809	0	0.02975691166674942	0	0.07124664941421342	0	0.006500982733579551	0	0.3688452908082786	0.9693385687831768
MB.4732	0	0	0.07074447222099803	0.18921608353905447	0	0	0.007383741106420475	0.09979807561375166	0.001864955334258532	0.00842516569748734	0	0.12995462622022766	0.04978745304262963	0.25898094546899386	0.2349961274145357	0.13583497904826844	0.012453224782082307	0.0026458430712652113	0.01687030655122427	0	0	0	0	0.4460972348093729	1.2189559991111976
MB.5236	0.14865589654556685	0	0.047355674316292166	0.119369778830513	0.3261779144294333	0	0	0.1013428540726681	0.021078930349492587	0	0.05483395910643484	0.024930892135691596	0.019071098615982024	0.22271721510390824	0.12102714935784872	0.11548994429622057	0	0	0.014208399177193968	0	0	0	0.01	0.29301044157677814	1.336259706337246
MB.4993	0.013214756039240307	0	0.023669288418449716	0	0	0.04813895619909311	0	0.08022517145345094	0.026700732340236743	0.035404654907000906	0.009196399677341975	0.024894985540225744	0	0.5653002630102749	0.08680486647049195	0.19271105990073117	0	0	0.06774655153865908	0	0	0	0.01	0.26210236922586405	1.1740076854951966
MB.5232	0.006176937501651567	0	0.030463231042250582	0.14691253701070467	0	0.10255580656167747	0	0.17489579556264748	0.07694901123872419	0.07285810774490409	0	0.03430734415123053	0.04608923410267874	0.22677889118674785	0.1668847727201867	0.12304526126456551	0.016206334548324756	0	0.03870341357514596	0	0	0	0	0.3167046989084916	1.2628266782114401
MB.5126	0.11092592908199726	0	0.016539819813208182	0.07326343658094654	0.11970014961307267	0.05437777019391834	0	0.04990229877674067	0.09498726202464233	0.07382972155949387	0	0.0864618571872594	0	0.2749112918955284	0.1860304554024917	0.13389741177985662	0	0	0.033856276813958856	0	0	0	0	0.3856561945837885	1.3086836807231148
MB.4938	0.006485546975979407	0	0.02417240884117866	0.015369600221147153	0	0.17217808343598875	0	0.04467677072694578	0.03134753344613879	0	0.0031519185399988396	0.027162488484348372	0.03018303649876043	0.36345246287152116	0.06453425177909757	0.21133154340104243	0.0015911222527728046	0	0	0.1214443235805498	0	0	0.08	0.11556141020870243	1.11708109105547
MB.5070	0	0	0.48071315377899215	0.010037485580267666	0	0.13662918747864952	0.0045738543947730715	0.08847502714144685	0	0.059642503624402765	0	0.04060480274658683	0	0.15000542052508067	0.14146539513292075	0.19274155081593114	0.00734117424147188	0	0.018794257847627463	0	0	0	0	0.4802414973257102	1.3310238133081507
MB.5138	0.07878609197656729	0	0.1091736269004284	0.08471744377005001	0.06162357693162528	0	0.03822993160764007	0.11399319678487949	0.00286971470543397	0.016855949442479458	0	0.11874107482083998	0	0.2718676937950226	0.2926936632136137	0.1069612401735855	0	0	0.13044322155086774	0	0	0	0	0.3817714112891275	1.4269564256730334
MB.5258	0.005227468996886042	0	0.0005	0.030203257649250515	0	0.06954688251120045	0	0.01583651353880277	0.0022877366827596	0	0.012673157921829048	0.008726907152097025	0.012564740193621063	0.6298950370195161	0.11294005611301643	0.09824470988220314	0	0	0	0.07145011535419246	0	0	0	0.6577317726264642	1.0700927403785423
MB.5421	0.0287217058144294	0	0	0	0	0.09719141789354627	0	0.10167974369663726	0.028585131671493777	0.040642055663667735	0	0.02152869735423773	0.0020534875167983455	0.5283547072279712	0.10736083093165157	0.11657125605001548	0.015747758635270594	0.006050019725037228	0.03830703764257659	0	0	0	0.07	0.1330325758638954	1.1327938498233332
MB.5348	0.007501510992432636	0.010410215513104712	0.07805205451153405	0.06556689506930524	0.010544093527871987	0	0	0.13939626998560778	0.047737651476976055	0.10316407133492396	0	0.1681907314277546	0	0.29568718893855056	0.2856650176661744	0.09636550459679309	0	0	0.042864612904795464	0	0	0	0	0.45626038023503834	1.3511458179458244
MB.5100	0.026122244162639655	0.014571510115101341	0	0.1365912836793299	0.12431798304669277	0.11071331032324902	0.04284891863755385	0.1449636257198457	0.0007	0	0	0.11643651172203233	0.021396314289355477	0.15454310551944409	0.38163551913328825	0.10883689743408423	0	0	0.1334778581228888	0	0	0	0	0.6127087224810945	1.5171192978413155
MB.5446	0.0077680376860218645	0	0.025860961948996404	0	0	0.1599555161355002	0	0.05824287340457326	0.06281198306298842	0	0	0.06114431579348184	0	0.3648767521777747	0.11456403224695234	0.17847239893366149	0	0	0.043695523231068754	0.017223381628195627	0	0	0.04	0.2152803575753588	1.0946157762492148
MB.5427	0.1517730755630188	0	0.01659210675519758	0.16249681149205825	0	0	0	0.12592774033009507	0.01206312120779134	0	0	0.004253644475531287	0	0.37050164651038786	0.09326874851028993	0.05001368789947353	0	0	0.007690843569004017	0	0	0.0019207053304564222	0.11	0.11026486596453546	0.9965021316433041
MB.5209	0	0.017052129247550417	0.25778436699883595	0.2511235529741259	0	0	0.11148826464235236	0.1386557593811466	0.09171575602411632	0.04097395967739238	0	0.10035535173364975	0.01864382492050424	0.26786600351846884	0.0792775698918783	0.00837651916819622	0	0	0.0029516756076973347	0.0020063121085778938	0	0	0	0.3429162122064145	1.3882710458944925
MB.5223	0.06258213137399	0	0.004136115444953219	0.2271295636924379	0	0.12725999103606989	0.06266873648891919	0.0840007945383935	0	0.08010846705834967	0	0.027448127512130514	0.06787891287317531	0.17067485320717524	0.21837535564253854	0.17864829915266073	0	0	0.16485804308455768	0	0	0	0	0.5140970129694872	1.4757693911053513
MB.5616	0	0.003988743663185067	0.19716252572654533	0.13598635825056418	0.04470070324185135	0.033099689034328805	0	0.18743920575124356	0	0	0	0.19660405164681122	0.04671061531093699	0.2233287430375078	0.2119104196236777	0.10828135565646532	0	0.011154855863551366	0.03392682283175784	0	0	0	0	0.4668806286953849	1.4342940896384266
MB.5602	0.011237846288465685	0.03131199697494069	0.06622550549301258	0.0982329181639545	0.07141632744635393	0.01687270631449347	0	0.016886667781664314	0.04435258197626183	0.1250516952042992	0	0.13913337706432918	0.0035717407094507346	0.2695285839120381	0.22381294820023573	0.15046588261940594	0.04302679710962819	0	0.11659262224708618	0	0	0	0	0.4347384412891079	1.4277201975056202
MB.5634	0.015530103210311945	0	0.3222422564678229	0.04028474705251939	0.011107585101206135	0.03972627651407799	0.009314706151289138	0.050476139344244456	0.031222973032048358	0.012472548953156479	0	0.09223207124767253	0.007351539505624306	0.44000389740002177	0.15833526674575465	0.07379526486773719	0	0	0.06871012904596698	0	0	0	0	0.5425527677502051	1.3728055046394543
MB.5548	0.05728539523196403	0	0.0010320525950234622	0.02095768036762043	0.1208794864327903	0.03340561502223384	0	0.09220405981364786	0	0.05500683291314403	0	0.06341549201124631	0.03178163274803646	0.15984199840432314	0.316086279273082	0.24657104429884424	0.014435111977953918	0	0.07384575405835214	0	0	0	0	0.44232560346624195	1.286748435148262
MB.5526	0.10152473571429617	0	0.14172834726091033	0.03892141427270766	0	0.17414741676374784	0.0378295670662733	0.13188223301893107	0	0.10108665508935291	0	0.07133419450515062	0	0.2187207739173091	0.2083374225218174	0.0817957352315246	0.047841470201376815	0	0.033257568634800436	0	0	0	0	0.35727475676938875	1.3884075341981983
MB.5531	0.0032964209233244095	0.010808413473954488	0.07292603257827354	0.06323207647950417	0.01353863036647379	0.10102176728381058	0.0030809227489436678	0.05882071496360771	0.028153139350763128	0.010834860705549263	0.02372784855298553	0.0010570999090773268	0.0286390804657433	0.5032300953567842	0.2571159222029274	0.18371270648496651	0.016180146177665215	0	0.029549476235208837	0	0	0	0	0.4646243072529783	1.408925354259563
MB.5551	0.06688075837450567	0	0.019243592376387467	0	0	0	0.008572095872741551	0.08597080682405768	0.04737980410498791	0	0.04839713597968718	0	0	0.5461920913505396	0.14792182985930236	0.09227515807932148	0	0	0.020804758035085715	0	0	0	0.03	0.2245023682479694	1.0836380308566167
MB.5560	0.03981124587554489	0	0	0.06878627561199285	0	0.04965128074096072	0.011929050601565579	0.1412428404142238	0	0	0	0.0471696977547449	0.13844376924516577	0.27206732377642645	0.07807868442904044	0.2531634822496442	0	0.02509506979587388	0.07617131742548022	0	0	0	0.05	0.16433356109223007	1.2016100379206638
MB.5529	0.028300136367687523	0	0.0222151675938959	0.11570376844740347	0.05782720625136422	0.12231409027883823	0	0.04443418707093046	0.02057544786342594	0.012147598676044698	0	0.09949449889557306	0.12658673412250587	0.03884698566797912	0.12233451821463771	0.26950019667939157	0.02543573115769804	0	0.10828167756029654	0	0	0	0.06	0.1440548591708788	1.2139979448476723
MB.4408	0.027429192851569705	0	0.0717573499142769	0.1605450734065328	0	0	0.018407527058177064	0.2032618277785758	0.16818301215683965	0.0015497406363299496	0.002326149808520429	0.06351757736296675	0	0.37434810079233416	0.140266981973174	0.05619878082236228	0	0	0.05612102445591193	0	0	0	0	0.4189727252819447	1.3439123390175713
MB.4146	0.13590414120313768	0	0.007303423683736083	0.26457531793627626	0.27036787016808606	0	0.01776422365516475	0.14493408530592872	0.17694945001908735	0	0.1067794989114416	0.02562420865806488	0.01618468131232196	0.21761661455044523	0.14248074885067524	0	0.0005999999999999999	0	0.0794620101150775	0	0	0	0	0.5092913784912059	1.606584757230544
MB.2957	0.05789763810063783	0	0.11019914755241657	0.032058953608807325	0	0.04339431397645171	0.010455169005932916	0.1390118450442135	0	0.0783558915490332	0	0.021883168583755573	0.04275958905918876	0.2850324029929172	0.23243633027546448	0.23949484287360331	0	0	0.040942085745275025	0	0	0	0	0.42893367141453925	1.3339213783676973
MB.3063	0.001426537166171277	0	0.01742472084842438	0	0.002823744972432887	0	0	0.08935647510086349	0.03222146605405068	0.0629234642867218	0	0.05155022240189991	0	0.38824533142782336	0.18444938719235338	0.33530187795681704	0	0	0.005541699337198409	0	0	0.0009	0	0.36073689513437157	1.1721559867279527
MB.3046	0.09083295143988128	0	0.0037836762504788587	0.05845327191882497	0.010184579852077552	0.025203352179950508	0	0.18172139868154927	0	0.03198758470753914	0	0.023961980576002934	0	0.39836394399339203	0.1403382448551863	0.1883661825353928	0	0	0.030647693292923217	0	0	0	0	0.4409304595424532	1.1838448602831988
MB.3014	0.031346343271324725	0	0.10787190577515991	0.06907602644592031	0	0.06305292226805814	0	0.1163614676531841	0	0.09578709345981667	0	0.03515490850912211	0.10824835188395597	0.21201421526327913	0.29887599733085757	0.09933249082622339	0	0	0	0.06198949442973536	0	0	0	0.41380850123424223	1.2991112171166375
MB.3277	0.03746545639555675	0	0.037450764465621275	0.07316791784684928	0	0.03470286466938983	0.017459540337386534	0.15752909862371006	0	0	0.050668656183875116	0.035438022228143885	0.03573995677872427	0.23817843888962464	0.30373378765024167	0.2106627129225209	0.011191419336114006	0	0.09422959859941678	0	0	0	0	0.44184963127588395	1.337618234927175
MB.3271	0.005297803343997796	0	0.07221479971759145	0	0	0.13855311705136447	0.0871519076261813	0.13758425851554276	0	0	0.02127042090206905	0.08961587037066747	0.01892075376536107	0.054759462743865554	0.2757638423680331	0.21513309714767948	0.10279668931043966	0	0.12219103534213649	0	0	0	0	0.44234726811458325	1.3412530582049296
MB.3292	0.022680256461963293	0	0.3619122741253591	0.07709943866960725	0.03117451008583193	0.0563181590765873	0.007250951701117021	0.13745785954279577	0	0.040519283853890954	0	0.11477450638267526	0	0.26773674706332834	0.21814490726920863	0.1423608955965594	0	0	0.02659507849206109	0	0	0	0	0.5720758740722485	1.5040248683209854
MB.2917	0	0.006201102120317003	0.0428371729213415	0.0009	0	0.03520317345432893	0.031979440380853236	0.15712048659088346	0	0.12776105563296247	0	0.056950321172268815	0.03307916732017753	0.21531576328574806	0.2733227561385267	0.1806050056573332	0	0.0419685200639094	0.049300585497014285	0	0	0	0	0.35822136039708175	1.2525567523525432
MB.3706	0	0	0.04680813924849386	0.018292681466014232	0	0.04543120683954028	0.00886620728058477	0.05484850296051334	0.0406865601860882	0	0.056736654553182934	0.02093446320947333	0.011132640220815436	0.43594341547520166	0.11528207472925069	0.33807753865580537	0	0.033125979095637574	0	0.013558615100337252	0	0.0007	0	0.3989830112736633	1.2404370908493265
MB.3453	0.03387137012952074	0	0.1947662850287426	0.062111599674174796	0	0.0019903806747223873	0	0.08674789680455475	0.02631081982284451	0.0437438223147251	0	0.05813626232766224	0	0.1759425417280129	0.1474378980754005	0.1943985590222342	0	0	0.1540592761388352	0	0	0	0.03	0.22612495499745788	1.17951671174143
MB.2842	0	0	0.1732524244477439	0.006344672210418448	0	0.10425983093978694	0.03805873656391121	0.06415973918187914	0	0	0.0076473843387656875	0.07838473955105014	0.08341573291200371	0.14996531084043477	0.15024116401317944	0.16786155780192202	0	0.0033825728914450236	0.1562649585544901	0	0	0	0.05	0.18291239274367696	1.1832388242470306
MB.2912	0.03946629173277743	0	0.09140815334467083	0.23623956304838994	0	0	0.026422105804179065	0.18463403792057248	0	0.09892321646367111	0	0.18389260681432257	0.023971899086098328	0.11086403625947171	0.18892977838062752	0.09398305724702985	0.04276630220859782	0	0.03945083786840213	0	0	0	0	0.3634310981072006	1.3609518861788108
MB.2849	0.046904554055921595	0	0	0.11579628425272864	0	0.12009615573290333	0.0433910139390615	0.1725997050839791	0	0.10112086178489965	0	0.06138769151998804	0	0.20460317656394084	0.2297366095048446	0.0993540362326838	0.0548192776402542	0	0.14977662694537563	0	0	0	0	0.5129774915474691	1.3995859932565808
MB.3058	0.009178964624847439	0	0.10525846675672354	0	0	0.03856957441197247	0	0.047890227135047175	0.022630319036792315	0.0809319300699419	0	0.059808487067593216	0	0.4329072959288296	0.09304380495038768	0.19254895645220482	0.003195453893345453	0	0.0676430868149913	0.01605619633004223	0	0	0	0.34088398714818186	1.1696627634727192
MB.3057	0	0	0.29366951926170315	0.04902955606873595	0	0.011980892264516194	0.04030207890955062	0.07152861174621816	0.005556481633666844	0	0	0.09530461736491881	0	0.4084828556968149	0.19243160407698814	0.0890072956118159	0	0.0003	0.01242081062830997	0	0	0	0	0.5251905493890966	1.2699991260620946
MB.3395	0.07142093105752308	0	0.09838099890241525	0.10808277630172003	0	0.2867162249525274	0.0494732961456322	0.034877721053568504	0	0.11595065026472604	0	0.12718288666713734	0.04291299404829249	0.13385859332421796	0.21201231250276784	0.1404394840887643	0.054016082629953645	0	0.16196277273600226	0	0	0	0	0.480850191696079	1.6372877246752484
MB.2857	0.08843013217012562	0	0.0031284047588635987	0	0	0.29000985468697354	0.09235020771785328	0.06094305150276795	0	0.1787363222780535	0	0.1361631444506338	0.05543886466340612	0.15800540675365962	0.18789157046882132	0.1993733914365042	0.03414615880382134	0	0.09146166926689799	0	0	0	0	0.4612548983306808	1.576078178958382
MB.2827	0.07426744407325729	0	0.11432938938629607	0.10186638524362746	0	0	0.0017341172586852155	0.16160196159752183	0.030887906028230414	0.07731535612897407	0	0.08160810807935183	0.0014109850040075972	0.2952637046638143	0.32519570743302273	0.13595378976580846	0.0034991085716054087	0	0	0	0	0	0	0.5243745610925362	1.4049339632342026
MB.3702	0.027450147768758062	0	0.018955937175217	0.013304434420890243	0.00444513175370302	0.2769144426367853	0.06963987920697758	0.09390511914790287	0	0.15123118735418925	0	0.04074140169900105	0.049210272944214754	0.14671277771474645	0.19420909878548892	0.16804954503352196	0.009292532786228321	0	0.09295125640171747	0	0	0	0	0.3766660080000838	1.3570131648293422
MB.3502	0	0	0.012723037851539495	0.09755805875000063	0	0.02472934939758251	0.01793015986573824	0.05952983698540887	0.004819677773890692	0.09724923858991985	0	0.10966687221501101	0.031288378278106016	0.27987992950746954	0.21814291095819302	0.32490260191121223	0.0002	0	0.02238490475893037	0	0	0	0	0.3714092474967292	1.3010266520891816
MB.0079	0.02326148644092158	0	0.07134960866111754	0.06523441167640147	0	0.20289034029325342	0.047081826755983276	0.09317464603348796	0	0.03677968024251616	0	0.040300454903802053	0.04244027449140737	0	0.10590157469999673	0.12209499209017426	0.02880836568608928	0	0.26865372043602576	0	0	0	0.12	0.10835184595174104	1.1479713824111768
MB.0062	0	0.11252172606703266	0	0	0	0.20533106429918893	0.02746097207024718	0.08698908477519429	0	0.12407343111045907	0	0.011039946272771788	0.10374839904066586	0.11232161845768394	0.2769072261363077	0.07478201957751385	0.05372069911489332	0	0	0.0298209846149909	0.017957115589381498	0	0.05	0.19889395634062243	1.236674287126331
MB.4015	0	0.010173611231518232	0	0.04201053685844543	0	0	0.0043470967336146	0.07447765130406771	0.048683633500580664	0.023200247500594913	0.01156381556366379	0.021841217567819638	0	0.5339287776749362	0.01362764106937423	0.22457191720870154	0	0.058641172678486564	0.03023674923609202	0	0	0.0022476677773403692	0.05	0.18688398611609966	1.0995517359052358
MB.2929	0.015607858237518677	0	0.043085704224592895	0.021953531178015302	0	0.07250050662084247	0	0.04659152238315948	0.008068824411003196	0.056008597745731865	0	0.10387722998926628	0.0038616860544834026	0.13451412820826344	0.16823922293569538	0.2640053103556087	0.029509555297824373	0	0.2098956850623188	0	0	0	0	0.31572315710945525	1.1777193627043243
MB.2724	0.12596392122497888	0.18612697218070934	0	0.12725045002864982	0.525361290491641	0.02856517412686472	0.05543774430362147	0.21745578724511866	0.12295730357255286	0.1975312250681198	0	0.06847546471201149	0	0.13674829633758254	0.12075452941842005	0.09144310441614151	0	0	0.026662608689346685	0	0	0	0	0.5740133800608205	2.030733871815759
MB.3062	0	0.06605897093496818	0	0.13123239047899649	0	0.02974736894020694	0.060778133428313556	0.11403675891145335	0	0.08094505331857797	0	0.11486062457391262	0.04508466806716582	0.1835227149673278	0.2590326471432489	0.24832991974151455	0.03880571174136716	0	0.06294546100379665	0	0	0	0	0.5326271051534998	1.43538042325085
MB.4707	0.0013929922597252593	0	0	0.09528200352534999	0	0.10063200637556466	0.03797785592091577	0.1463995658220683	0	0.014673474894977832	0	0.05599248514530843	0	0.2806012746678117	0.16150181576469363	0.22545610665104604	0.004490654684531951	0	0.0031004331254149914	0	0	0	0.04	0.2221291618227335	1.1275006688374085
MB.3383	0	0	0.1074387880521471	0	0	0	0	0.08005001084349204	0.03157604790085343	0.05462871331485682	0	0.04133060630734483	0.017716693485374514	0.5001791713241872	0.052209872988991185	0.1674258830152407	0.005973499161494347	0	0.08347970480945643	0	0	0	0.04	0.21698114820302222	1.1420089912034386
MB.3297	0.001058951201761711	0.004492367449143767	0.1436345986698301	0.012773262132071446	0	0.23772985016198128	0	0.12138173269620794	0	0.01668245836156962	0	0.06327215327790917	0.03143414687957377	0.19753784829117704	0.1423642812951128	0.21703558345117985	0.020450281110849504	0	0.04820509569721478	0	0	0	0.05	0.19591459800942074	1.2580526106755827
MB.7114	0	0.017344032724139907	0.14979828691793168	0.022177451792366347	0	0.04727348315178691	0	0.07836338637707324	0.006307278378439984	0.05625052500745781	0	0.07709659424860901	0.12657859264063262	0.4040300087459248	0.16527788840386745	0.04061258312861976	0.007411723580771152	0	0.03948704961910792	0	0	0	0	0.4112419752055055	1.2380088847167285
MB.7208	0.008151321743758832	0	0.10736887069047422	0.29545607162106297	0	0	0.13707911999241829	0.1085247776041569	0	0.08362545086142348	0.008608377653159562	0.13207780120842263	0	0.07868152657007679	0.1490756272539381	0.09498449549084818	0.0037435014020968265	0	0.18904366314657559	0	0	0	0	0.45713396884114627	1.3964206052384123
MB.3001	0.015180220281743045	0	0.005797019864389199	0.06307796495697135	0.023785629470307455	0.05461153958176277	0.008798831841012713	0.16463555109251962	0	0.030582975498979547	0	0.11955098877904308	0.07400200356313408	0.029762117585626226	0.24805547643662462	0.27914367216419084	0.11253882703372559	0	0.052606618430276836	0	0	0	0.03	0.22612353449291386	1.2821294365803069
MB.7057	0.00999164231201623	0	0.2072280807843296	0.027441628965726897	0	0.11471852540281799	0	0.012786349902373614	0	0.08183542346102084	0	0.024762899568489455	0.0492007914571493	0.09255852614748085	0.09986066413494334	0.1056783223721727	0.07433943353903036	0	0.2014941662318362	0	0	0	0.07	0.12071074987174948	1.1018964542793874
MB.7023	0	0	0.007959270856366756	0.12819213440081142	0	0	0.01353717349415682	0.08526524580609461	0.003891113370724235	0.06356030287120482	0	0.07511298994813274	0	0.15830135956238434	0.09892519609042874	0.593153863797543	0.001878791021505247	0	0.04879807617994742	0	0	0	0	0.36611469939410207	1.2785755173993
MB.3500	0	0.008452929414815307	0.02758288034224152	0.049762451435754564	0	0.09399503682147518	0	0.04972150878890737	0	0.0038491585567384063	0	0.05288486851331595	0.05821499404081983	0.646605457967248	0.12314333392144486	0.19823212589883055	0.0008	0	0	0.055142863660626616	0	0	0	0.41519155064584606	1.3684206192884816
MB.3396	0.014253081302841508	0	0	0	0.006075025913342041	0.03485736275903674	0	0.07119541949788998	0	0.09602815553955711	0	0.04740470854338928	0.018720120678301783	0.13286756938511873	0.11971503517955227	0.5127307267029231	0.0012217734114292613	0.0036362701794141485	0	0.14242301007351174	0	0	0	0.3731519439605557	1.2011282591663077
MB.7145	0	0.006939577984782498	0.012195980253093762	0.029520365331858478	0	0.02528368850078386	0.0015127927694121945	0.05579998769637441	0.09599870906589793	0.05739981186637404	0	0.034010774495913665	0.055986861243364945	0.253840048501591	0.09973123772277839	0.34639987002356504	0	0	0.016682791949095277	0	0	0	0.05	0.18334276833406535	1.0913024974048855
MB.7155	0.0013463620071690605	0.011829696292561804	0.02742759634857546	0.06659809007483625	0	0.09574951209136855	0.06936482190570291	0.20399029965286777	0.0028034079411021384	0.06999446995304465	0	0.12416852928949491	0.002198923764438454	0.08485312826384839	0.21102205174105787	0.13847799921241646	0.007992516392333867	0.011319725195417275	0.1186016634360971	0	0	0	0.04	0.21852027861510454	1.247738793562333
MB.3218	0.022700200685344184	0	0.02567993805265888	0.004827110555738222	0	0.23200869770232072	0.006270736476558584	0.07232160614634361	0	0.21349653034463792	0	0.09471630325683136	0.020927638494183456	0.034502798386999316	0.2283754247366857	0.2868934909732784	0.024708802996145925	0	0.07512234505741941	0	0	0	0	0.4582710640589469	1.3425516238651456
MB.7270	0	0.012039460492770606	0.016020433752354103	0	0.05419479054237248	0.13986442122543963	0.006166215210602153	0.14714660215079892	0.02266452977354123	0.18198660695086952	0	0.054782568664913656	0.09845098445910726	0.05264238160747926	0.23673361620917224	0.12930456178534283	0.007652623721997068	0.010399307258916513	0.10593852543600271	0	0	0	0.01	0.27050931527295735	1.27598762924168
MB.7008	0	0	0.004181477325807897	0.113328380704161	0	0.12251048878701012	0	0.001299900366693078	0.006227190679278303	0.037319950368218224	0	0.09359350839159214	0.04322266711187233	0.02176088786119779	0.12429169108942636	0.4522892016839871	0.07145825870460198	0	0.12216925019812895	0	0	0	0.01	0.29625756605967374	1.2136528532719753
MB.7009	0	0	0.0072082405519617145	0.022837173613958518	0	0.1340884372316092	0.00443479283600969	0.06814853110426362	0.022123546126931532	0.023227275371413406	0	0.027049588149512683	0.04016573240987415	0.34694761183560835	0.0832278322363489	0.21548116890328597	0.018821178586096974	0	0.1438830647933465	0.019203285959588874	0	0	0.03	0.2258908354167443	1.1768474597098102
MB.3153	0.0192739745385138	0	0.026730896476645585	0	0.03049746831829624	0	0.022512797168781587	0.26072951890582363	0.008765051137204249	0.0824300976003958	0	0.008335046804977129	0	0.2845920615029844	0.2381860091925177	0.09606028455644264	0	0.01789208735408324	0.1014604736233823	0	0	0	0	0.34159911269537224	1.1974657671800484
MB.3211	0.012517132161699664	0	0.13225017145461299	0.09197292520343639	0	0	0	0.1982739145663548	0.04167993974441454	0.05581120004782635	0	0.19087427459000988	0.048469365610379456	0.1233715614086509	0.1618900760465725	0.15134168189273703	0.008274510580030037	0	0.03286123777909441	0	0	0	0.01	0.2620774145445078	1.249587991085819
MB.7081	0	0.010659879177495524	0.15080754524331938	0.1162355979652476	0	0.0877501180905028	0.10348165489359536	0.05482145793130333	0.011890871196636638	0.11849021659902234	0	0.19091551949774463	0.07013697504306961	0.20572463345399525	0.2636203769793141	0.2289831646943952	0.006579120733297904	0	0.09936987681857945	0	0	0	0	0.4421200495463926	1.7194670083175192
MB.7055	0.03541623685647883	0	0.0001	0.0018476257701554083	0	0.10208289204861597	0	0.13281435966889996	0	0.0015025630318510497	0.020052016442118625	0	0	0.44093283486215845	0.05246619284974671	0.1645817621395001	0	0	0.004054089232593471	0.0004	0	0	0	0.4936176771265538	0.9561978594836604
MB.7121	0.025183028997933773	0	0.24544319816440816	0.09651599538257548	0.02113938424400154	0.23845816798832328	0.026319856425077306	0.1466285012024984	0	0.1035905809769895	0	0.07799718105444273	0.057103636642053764	0.21521436570981858	0.24290486907224296	0.08725211905190319	0.0074338697503468915	0	0.06721340094990301	0	0	0	0	0.5480526258294148	1.6583981556125185
MB.7158	0.013892015255318121	0	0.5102301391678009	0.0615758325734711	0.007666894565049583	0.05792341611659969	0	0.16133637407862653	0	0.031386539179642965	0	0.08930499220563236	0.023460622709714274	0.37897679184444955	0.1482512690783169	0.09430745331847637	0	0	0.03489588369699807	0	0	0	0	0.5837148970896393	1.6132082237900964
MB.7258	0	0	0.0021834990644770814	0.20969664977575164	0	0	0	0.16579995228920005	0.07837588053372384	0	0	0.11015095885620065	0	0.14143947774051963	0.10141894533137834	0.1570250226607085	0.006592462178608655	0	0.041658586148602364	0	0	0	0.06	0.13767661347229285	1.0143414345791708
MB.2993	0.028351200990483622	0.003134235779911744	0.01665326089178068	0.09071433073401755	0.006681885100984549	0.07854985346349251	0.01075797525650938	0.1435261390191871	0	0.047094639642412645	0.09408266674476311	0	0.002483734500741876	0.17494879631180243	0.2015674736489131	0.27732990073569447	0.020424401509599465	0	0.1216219904045409	0	0	0	0	0.3508664518470272	1.3179224847348352
MB.2904	0.026993524786925623	0	0.09184310335580284	0.2174886666536055	0	0	0.04816964152424565	0.08262656519674079	0.014386567033536291	0	0	0.1504200097627785	0.004907986828016194	0.22136983578218922	0.13446192106112984	0.24904044603128234	0.023294594755634404	0.001	0.10424707789748089	0	0	0	0	0.4126590584246779	1.3702371830489968
MB.7154	0	0	0.01734779315288858	0.30824351056488364	0	0	0.08088525795436957	0.16951158776939088	0	0.02573830256038769	0	0.1228756234852097	0	0.025241276885825385	0.36542610645509516	0.038733351473323595	0.0031205782389016135	0	0.08837426950071665	0	0	0	0	0.5106973147413628	1.2454976580409924
MB.7165	0.05730992077444448	0	0.0748789824746679	0.023287771444268003	0	0.032536149354357384	0.03253762860307455	0.19106368733581183	0	0.015810941671684946	0.0303241642467162	0.03657860071914271	0.010387617735257367	0.3317756576890099	0.13269999038260635	0.06822853886762589	0	0.12971703859762312	0.04662785086166663	0	0	0	0.03	0.2362767056410099	1.2137645407579574
MB.2850	0.009825580487619086	0	0.0638269749553941	0.12726692490997998	0	0.17376588299465237	0	0.23253580446143562	0	0.11279944543788262	0	0.12295700600373435	0.005802379480574969	0.3417152470654053	0.2741189154919525	0.1325362578203478	0.03542151139526534	0	0.04784543278387606	0	0	0	0	0.5140835105768042	1.68041736328812
MB.7052	0.02904155621295557	0	0.062264453345715155	0.012916930936051358	0	0.17257037300057895	0.022305838170482043	0.22004839536124304	0.02881353850871106	0.06997417616561524	0	0.09912647116320668	0	0.2428381658908005	0.21978780279632623	0.16971167302431645	0.06861490960754502	0.006114630692696896	0.023311698280103287	0	0	0	0	0.3689319245805055	1.4474406131563475
MB.7090	0.05169611718107069	0	0.1176025085343187	0.040649945379696975	0	0	0.03479298403846022	0.15604312112201277	0.0001	0.019453328762001613	0	0.023284981990153965	0	0.3109485212631048	0.07202363844959149	0.13941068536599005	0	0.012504266508313636	0.049982919863853524	0	0	0.00638995790845629	0.27	0.06282671709892679	1.0349306674544343
MB.7087	0	0.003264543268216025	0.011243968417664946	0.04781010935974066	0	0	0.05990850681007401	0.16512687724539218	0	0	0.006176272572094174	0.16763330005354374	0.07660841920018766	0.13378519458015325	0.23366077472323082	0.14666025107164946	0	0.0189620786534233	0.0786411207169589	0	0	0	0	0.3066813484432431	1.149481416672329
MB.7025	0.0007	0.022112546785460558	0	0.07913525505149006	0	0.27395990535225023	0	0	0.0390503350100393	0.026899136220350207	0.0036131822206868125	0.06163843633010659	0.05453151846421483	0.3183474955278424	0.16515622147962297	0.4185098672463496	0	0	0.1117512999893613	0	0	0	0	0.5895970247611411	1.57537055561247
MB.7036	0.0005999999999999999	0	0.022099623196427522	0.12813939960124932	0	0	0.020385708488505263	0.1718980462712313	0.017571965641472797	0.07002986105568168	0	0.10145433206410613	0.03439930957660827	0.2763391965213856	0.16991338576359516	0.14932619751253975	0	0.11847377243948128	0	0	0	0	0	0.3590615491182339	1.2805893214050508
MB.4769	0.01876266608638226	0	0	0.077205793074663	0	0	0	0.13737902957342307	0.01515557584951973	0.012272648816744548	0	0.04649239535905174	0.02691277404207075	0.46839057815308605	0.15551604058152546	0.12122173369387315	0	0	0.003357254038879677	0	0	0	0	0.482496328006147	1.0826664892692195
MB.4793	0.04860282891265355	0	0.012533222119351272	0.028363313898940774	0	0	0.020454424429925802	0.200615878637216	0.023249718585654656	0.03902351046252721	0.015162279012919328	0.04190358704123411	0.11505773883895765	0.21846080012057464	0.2995419124954057	0.11611598636013735	0	0	0.026017276862407623	0	0	0	0	0.3129478985394498	1.2051024777779056
MB.4679	0.031015810837173263	0	0.0005999999999999999	0.1708483211402788	0	0	0.24964207213448933	0.18736990072778825	0.03447746117259994	0	0.02165107217552035	0.09971270803569213	0	0.276510860600069	0.15251548219873784	0.03273771898028606	0	0.0013933738902474377	0.12368719202831513	0	0	0.014120586379182992	0	0.3750939675211829	1.396321254229585
MB.4660	0.05372316548592391	0	0.035528555116672536	0.1466595061585461	0	0	0	0.16092393556749465	0.07759084373498916	0	0	0.07260604036715844	0.013161410487636074	0.22092495338385001	0.17027026689172003	0.004296985595686613	0.007073306025904062	0	0.08501378235552473	0	0	0	0.08	0.11868920275641288	1.0477727511711064
MB.6248	0.01699990532459782	0	0.32287474424583673	0	0	0.1198607201415366	0	0.09037854384514471	0	0.09358929207875136	0	0.07477951484970874	0.10059331690218926	0.22383692086459467	0.11772014664247349	0.10711331803438746	0	0	0.03094179175938641	0	0	0	0	0.36713015794416864	1.2986882146886072
MB.6280	0.012655167583998511	0	0.05225686411646523	0.009760910926486331	0.0031956558177483113	0.0071441093022376586	0	0.09865828052341283	0.02187693027352338	0.026453714664681598	0	0.02947851632618705	0.07829282416703663	0.43344557277209006	0.19516134996744391	0.24070495365846795	0	0	0.014325727119764067	0	0	0	0	0.3442022993319398	1.2234105772195436
MB.6098	0	0	0.019797559007368095	0.09656627487241395	0.0618880888587674	0	0	0.008092951308504273	0	0	0.02759480629735382	0.011135257414518727	0.017468031911546097	0.4342595262996935	0.2363653602222208	0.1295598887062845	0	0	0	0.05142520939954175	0	0	0	0.34777292906063606	1.094152954298213
MB.4974	0.010391368833933153	0	0.02469681002343056	0.10725845174185025	0	0	0.025362062341868934	0.0766247385907665	0.032250672630913246	0.1257465553572511	0	0.15550112017750994	0.04971947892571776	0.3873111821599454	0.15431599341417415	0.17546720927540052	0	0	0.03504234487898939	0	0	0	0	0.4668394592558835	1.359687988351751
MB.4696	0.010214320861454065	0	0.08222862909859165	0.024789235963358427	0	0.0509440037330255	0	0.07188594144737541	0.02400962088999118	0.08843738123625858	0	0.008772479281437677	0	0.5790731825060881	0.10935400188485045	0.09104386348383758	0.033837468210349414	0	0.02355388033887197	0	0	0	0	0.4615064616580777	1.19814400893549
MB.4881	0.0915540669047377	0	0.04245601259115549	0.27976773443443326	0	0	0.02351108954671052	0.13800875280501346	0.017602343266877415	0	0	0.028048246434069737	0	0.26527714440237704	0.1869833534927206	0.0729767870802203	0.011268799692677115	0	0.02916302817897341	0	0	0	0.05	0.17526195645048334	1.186617358829966
MB.4865	0.015201856897802908	0	0.23107416073385065	0.16906590570805452	0	0	0.008023554937902607	0.13744357180840958	0.01107264324314104	0	0.03037162293032921	0.036123730378214085	0	0.33945920542486974	0.10614698763441169	0.18673190511363993	0	0	0.0216809750037116	0	0	0	0	0.525508280387604	1.2923961198143377
MB.4416	0.021019839079444234	0	0.06789453662123554	0.22503370324672636	0.0031432462761940973	0	0.07694227727296088	0.15861218440460784	0.07923901931199981	0.02010161989688423	0.018022182540968112	0.024454076647063113	0	0.34615854363567694	0.14960421617137473	0.1377284312187325	0	0	0.0519765851111277	0	0	0	0	0.4004954039021639	1.379930461434996
MB.4407	0	0.0026188271292355665	0.002276477607025397	0	0	0	0.07847828920502724	0.05366555080959126	0.11146035835997575	0.037039179454788976	0.009602724789091936	0.001	0	0.5481688396200698	0.027516172643984965	0.07382273764826423	0	0.030080934685928953	0.056644019858447345	0	0	0	0	0.35127991932200736	1.0323450862982493
MB.4621	0.0020298759880151038	0	0.00890886797366051	0	0	0.1342352343471591	0	0.04747471653943895	0.05066214272539155	0.016504608974326807	0.08051019501762818	0.07789652370343124	0	0.3286103742490637	0.022760318431705093	0.2050100835484733	0	0	0.029765762445788522	0	0	0.005598643436947485	0	0.4313374638337124	1.0099673473810296
MB.4893	0.05969836154316279	0	0	0.25831477236769773	0.036839431678609924	0.011356258509360978	0.05389088412047728	0.08815592459865888	0.03521866065314022	0.111879377911074	0	0.03207451836116643	0.05427191274709326	0.28853497008372136	0.22814261922112083	0.1903323707880609	0	0	0.08762576210149513	0	0	0	0	0.6081223282034762	1.5363358246848398
MB.4792	0.0032123632664960875	0	0.002724748380964868	0.02848780110641707	0	0	0	0.15993681981223248	0.05676595290459277	0.020402194449004523	0	0.0456375753470691	0	0.45268603638074695	0.08579892354851214	0.19888991457934702	0	0	0	0.019403079007268755	0	0.0027172222471816476	0	0.6645878296281874	1.0766626310298335
MB.5008	0.08876944703960027	0	0.014843561100164389	0.04176734211043284	0	0	0.015334834741573426	0.1405371365322471	0.032893424693668974	0	0.06594272813879741	0.024906228478436914	0	0.16568580044041983	0.15997326650623217	0.09169618480945092	0.003159611165123855	0	0.19680651347053513	0	0	0	0.56	0.010053015290753071	1.0423160792266832
MB.5295	0.01692534935373056	0	0.018457577344774934	0.13241187121874634	0	0	0	0.134054696631225	0.04745111482069034	0	0.033352848355570404	0	0.023314071149599994	0.33613770005705246	0.18039480910576752	0.13653539759023786	0.007124323307596531	0	0.0260859270241117	0	0	0.0007	0.18	0.09485773769584324	1.0929674327291201
MB.6058	0.017065440901507734	0	0.08495465433659362	0.2037090987573553	0	0	0.06837647084725033	0.07857925799946124	0	0.05559405524978414	0	0.047068759793305145	0.0009	0.19701052558571117	0.306513739480837	0.13455006329936853	0.0597704668461317	0	0.09031385053331825	0	0	0	0	0.46098514861377343	1.344440928848425
MB.6052	0.03272818754287049	0	0.10153717467286676	0.11098565404680816	0	0.23744598186414526	0	0	0	0.17078656656792057	0	0.053455778937784575	0	0.1999876859362542	0.19022910366195941	0.08375809601866974	0	0	0.21102526503832092	0	0	0	0	0.42845775746206327	1.3919394942876
MB.5335	0.007599095899918527	0	0	0.03671462748635725	0	0.08738880981231278	0	0.05415683587238944	0.0859008052020047	0.01860047724776737	0	0.049247246408614685	0.08006017233275559	0.33126306199677036	0.13579783124543526	0.057461835754749925	0.01764092440677425	0	0	0.07761261202602192	0	0	0.19	0.08998654239186345	1.0394443356918721
MB.5135	0.01910767300803605	0	0	0.005722565629774019	0	0.057087289661117875	0	0.09875297137400985	0.004824796886745681	0.009588181018494022	0.06294961081028719	0	0	0.38147691697141206	0.06843049971938756	0.09856372584622872	0	0	0	0.18843705967176652	0	0	0.19	0.09074367129878592	0.9949412905972596
MB.5057	0.028830910302790676	0	0.01441925101694998	0.1262482039316967	0	0.12530496653701945	0	0.07441856369868326	0	0.032717654613574794	0	0.008360171895905906	0.017341077294401357	0.49577778509087556	0.17979744642305265	0.12293786253130115	0	0	0	0.0144650301774264	0	0	0	0.36266475860131675	1.240618923513678
MB.5102	0.013859980279701735	0	0.04070243397940114	0.009301176809173464	0	0	0.01905777477545612	0.23345052783215237	0.011822770756837906	0.06796501208355037	0	0.07187930915702267	0	0.2501814481582949	0.15763344615422226	0.24159873791164593	0.0003	0	0.01894224958753147	0	0	0	0.01	0.2551706074049281	1.136738143809095
MB.6272	0.06952059423726895	0	0.0009	0.022071941562813672	0	0.0599053560660909	0.01769146000350652	0.11000729723985479	0.004065472438822457	0.011527126525879474	0	0.13319199198022055	0	0.25842393252701484	0.3526659820545484	0.11061999368856529	0	0	0.12573601160825243	0	0	0	0	0.4340179283757469	1.276316544056542
MB.6245	0.04894354629431509	0.005645178515802926	0	0	0.150455178265485	0.083293363405514	0	0.07465034651159129	0.11180413085023053	0.07974706748543192	0.005152702133873082	0	0	0.35463046225486006	0.23607922168394274	0.007144563442743425	0	0	0	0.01478201649514634	0	0	0	0.4067496560882541	1.1723277773389364
MB.4303	0.0045618338891289766	0	0.021611035195045685	0.20325991432349289	0	0	0.035120518801790894	0.16164349387185464	0.1111502355317073	0	0.03519306217159851	0.019942873518376897	0	0.2903449498916156	0.14016854262136286	0.059442682862883754	0	0.009232435179753574	0.05159380209437155	0	0	0	0	0.3577264263429979	1.143265379952983
MB.6336	0.05736627730748787	0	0.0363838564936425	0.18347017388908754	0.05361331967052687	0	0.010276808061148059	0.190990904551174	0.02532057982360496	0	0.005069923871555728	0.07901343191473978	0	0.2673973397770629	0.3294665800835848	0.050237190129016965	0.0003	0	0.028248958338787374	0	0	0	0	0.49592383176313043	1.3171191966371312
MB.5208	0.06596821234635636	0	0.009245761123703634	0.041265454319078874	0	0.08614515550949134	0	0.0544386997236333	0.05650726741880037	0.08750860509834209	0	0.0546435536179292	0	0.3189506557546419	0.19625572426945945	0.1903678869278365	0	0	0.01010037008099701	0	0	0	0	0.41355875856471874	1.17139734619027
MB.5440	0.0143718501716611	0	0.009403313809790793	0.10703657261129114	0	0	0.13218502709701335	0.10866755684768178	0.043784615861147666	0.07977018938370604	0	0.1860563848433474	0.03271792784855799	0.28830500233674966	0.22564770158758754	0.12555298713167948	0	0	0.044345024637076624	0	0	0	0	0.45286700402277547	1.3978441541672906
MB.5346	0	0	0.03079105266997832	0.07976337848051353	0	0	0.11714872175394482	0.157417058590697	0	0.03056733441966448	0	0.0600912595510971	0	0.3432782103768415	0.14570584435329675	0.12062490872166369	0	0	0.029712290782874178	0	0	0	0.13	0.10817759570032279	1.1151000597005714
MB.6178	0.05517051061624204	0	0.21461744958858464	0.10122204795509732	0	0.06628911368169452	0.011611987795763997	0.13553579981485017	0	0.010901573197705893	0.02444782556665515	0	0.008142561245698482	0.22751912267604968	0.2741336843749618	0.0945645365182866	0.005991952538256592	0	0	0	0	0	0	0.5504451094719132	1.230148165569847
MB.4417	0.027871311948440707	0	0	0	0	0.007256078634411956	0.10262696497198284	0.1773355934619251	0.03405922409730407	0.11100622814011155	0	0.06042135764338427	0	0.35941993670342687	0.17647694941316708	0.06510486075912039	0.012542596489810954	0.016522692913328533	0.0866346878384265	0	0	0	0.01	0.2579428773768723	1.237278483014841
MB.4332	0	0	0.05179507352895349	0.21411720160550599	0	0	0.08003392672584596	0.13387057751360587	0.10742670414220441	0	0	0.14110617581709184	0	0.30443648914740595	0.07726198523597848	0.02106891312585668	0	0.0008	0	0.003198392350897565	0	0	0	0.31542688831407095	1.1351343754948227
MB.7205	0.04421381293075431	0	0.018988611499792064	0.07359435555726014	0.012935875885407398	0.01345520348346364	0.020450310593565446	0.13014771453618068	0.004024982991382418	0.037496253090794116	0	0.061688115480172966	0.04778275070486316	0.1612161157026438	0.2833688038831782	0.19839527563551435	0.08826402971701014	0	0.14068497994876628	0	0	0	0	0.4204499499453964	1.3367071916407491
MB.7159	0	0.0494909077689378	0	0	0	0.11179312004188235	0	0.15232250883683368	0.07537060637725873	0	0.04844010382275884	0	0.04232554204836477	0.3074828323620732	0.007003410417468196	0.015371954468843407	0.032108639231627704	0	0.08279018223755233	0	0.02992208380369764	0	0.35	0.04701126003960282	0.9544218914172986
MB.6143	0.05134851305784399	0	0.13328115559985784	0	0	0.0386569632754019	0	0.02662371127324578	0.004423197651616636	0.025752224450218845	0	0.012028074729253267	0.026340407949585642	0.2491697227589761	0.05096415579750696	0.3047949989798077	0	0	0.1444964654328331	0.025721499468457944	0	0	0	0.36161520696420907	1.0936010904246056
MB.5225	0.006813333561751959	0	0	0.3296786280009079	0	0	0.07795299928500056	0.1067170178577659	0.013645775469658733	0.22555891691498597	0	0.05903594945809216	0	0.2719617237255746	0.12044856579241317	0.09203020785197326	0	0	0.040156230146946255	0	0	0	0	0.30851057216291183	1.3439993480650705
MB.4024	0.013063175754852977	0	0.058890809885566865	0.029458439938325615	0	0.02306631610735296	0.0005999999999999999	0.1105198305475586	0.028441799265574323	0	0.019613828737349633	0.023718447005110034	0	0.3025306265506662	0.07756925263072692	0.3260998156238526	0	0	0.03604078242202479	0	0	0	0.01	0.2812429137229187	1.0495962240373806
MB.6242	0.0004	0	0.02873366115589361	0.19830524186917364	0	0.10830519765592689	0.06114934570588715	0.10072876477868803	0	0	0	0.16949592477590616	0.05046228709295946	0.17878886406010214	0.10516826711130522	0.2237439392728333	0.02158079100951628	0	0.03771688433518476	0	0	0	0.03	0.23212984790987867	1.284594116232841
MB.5173	0	0.0001	0	0.016392583184736596	0	0.0638744522761723	0	0.015726630798126973	0.010292462241250312	0.038955334916144876	0.006002196581373123	0	0.06885159826367247	0.5829866282122816	0.09792785138230234	0.15545551704784438	0	0	0	0.06935186418971218	0	0	0	0.6726091766713334	1.1259091774073247
MB.4931	0.028627909764353553	0	0	0.34209275821994845	0	0	0.055027896711888465	0.07138094005825683	0.02517697605554312	0.22038136968685895	0	0.2028752044288184	0.014569017845786642	0.20827219942765482	0.14476795539292692	0.09484629356587485	0	0	0.10241669099681923	0	0	0	0	0.489044874901292	1.5104352121547302
MB.7045	0	0	0.0692814530105499	0.16894250778786174	0.0183003981847193	0	0	0.07676148624127577	0.02039250070003832	0	0	0.12005999141381724	0.06970356502293534	0.06753798674122592	0.15217227301324562	0.3126816102216688	0.081418646582025	0	0.14917288923362096	0	0	0	0	0.3633274033051859	1.306425308152984
MB.7049	0.0722909046289409	0.015389134299160423	0.04670044440963973	0.2855168148642957	0	0	0.007254807283415525	0.19020582297640132	0.003804975295918804	0	0	0.07994102859242383	0.015716100601282555	0.07854833351389981	0.058134220828034246	0.1138859087987361	0.006659750168755888	0	0.041050523792395675	0	0	0	0.22	0.07356621016111255	1.0150987700533005
MB.7031	0.022707321238786618	0	0	0.121745686472825	0	0	0	0.12867763776188615	0.07421491434981532	0	0	0.18528644046578774	0.005086014116531175	0.044731248100356044	0.0323529280758047	0.28539305744566174	0	0.16288847959014144	0.046380740817099135	0	0	0.007389165446207271	0.06	0.1402698386487903	1.1168536338809023
MB.7078	0	0.007631078638366383	0	0.11342296845690025	0	0	0.05908117655012853	0.031458929676819826	0	0	0.02503833806114216	0.049616858125746836	0.034060329280006074	0.3382194913930036	0.061545091263271526	0.4092063976384707	0.007485420900803066	0	0.02286850509386331	0	0	0	0	0.35032656822310226	1.1596345850785224
MB.7038	0	0.005962799153401652	0.05224987955232156	0.03568770408244388	0	0.14181278628833474	0	0.09125745904984604	0.025261768425610103	0.08347913410473652	0.0026927509015569223	0	0.014743636243412591	0.26539381733912415	0.1303395026811064	0.16594409183028805	0.022930958905563636	0	0.12470967846847077	0	0	0	0	0.3472901149031891	1.162465967026217
MB.0399	0.002155175956937881	0.020407282306027303	0	0.03408605502436659	0	0.18031696391218507	0	0.030959310929906263	0	0.08662889963905508	0	0	0.04013360266398083	0.3003644704806583	0.10250191840101988	0.303886246150319	0	0	0	0.06450986843301734	0	0	0	0.30344865921885117	1.1659497938974734
MB.0191	0.005769386094525051	0.03223123530556059	0	0	0	0.05994133944338658	0	0.05123581732382824	0.023842118069437392	0.10074813561168165	0	0.0680038986030061	0	0.4116112798634039	0.09866457145475625	0.2495941143380832	0	0	0.019350878196334093	0	0	0	0	0.3114587349436346	1.1209927743040031
MB.0639	0.02465641836959234	0.00600029587029515	0	0.00634002606760188	0	0.19343162455720192	0.00275212613264914	0.018355587373349316	0	0.06551625374593043	0	0.03848564236557599	0.06646925750223213	0.1925808497542488	0.06434490898148609	0.27950923543904727	0.01986763362955003	0	0	0.17791726240753153	0	0	0.05	0.17261130591545298	1.156227122196292
MB.6251	0	0.07134109415578856	0	0.04697941249935363	0	0.02527650998285038	0	0.04326824765303824	0.033819790342819386	0.012604148051839653	0	0.07332503275595006	0.014687963343282671	0.4227332320008225	0.05490016513177063	0.22264873751955785	0.01331681904633181	0	0	0.021234413316486084	0.005529627203328759	0	0	0.34740120426232085	1.0616651930032202
MB.5450	0.08802367082168765	0	0.005269073755910256	0.08122356266205676	0.01010868835168975	0.2516305745805936	0	0.023128819254698875	0	0.05905082530014382	0	0.04241094023189833	0.03354575156029794	0.1509211680118913	0.3651274551544882	0.1489818128845151	0.04974635881291046	0.0005999999999999999	0.05300718874107716	0	0	0	0	0.5825802599550337	1.3627881293380837
MB.5155	0.0085326739602679	0	0.01695563238291115	0.047987956451166484	0	0.04592032912917158	0	0.030499337787979277	0.019416290049501312	0.06239422276440308	0	0	0.013803626120226847	0.32425150515804013	0.07501551157522802	0.11167772320927687	0	0	0.2994331418610695	0.04699560322291236	0	0	0	0.37528190714024123	1.1028835536721546
MB.0100	0.0251979556541087	0	0.028009634769158857	0.03029161242641745	0	0.15335205242232147	0	0.1330749267410757	0.006704915748373926	0.10419511591915308	0	0.03430819657525535	0.039387328145401954	0.27641116434052493	0.1475166899674059	0.11463323528994258	0.07071583933084832	0.001627669082822156	0.042839772461814	0	0	0	0.03	0.23274368519674507	1.2082661088746245
MB.5572	0.051382934313958725	0	0.2249154066319849	0.14218219235346333	0	0	0.04729689152540381	0.1199532408449698	0.03647270394509611	0.11360547347795662	0	0.11976712198716769	0.04782524150322858	0.44946692672597843	0.22822107147380577	0.03557215132014441	0	0	0.09844033263043528	0	0	0	0	0.5783053723567082	1.7151016887335935
MB.5655	0.0784917559671862	0	0.05230628621052109	0	0	0.028690066158613442	0.08663106242297984	0.057729562974859636	0.04578855405580032	0.03540008402629074	0.017453662996795096	0.02270499346155691	0	0.4451504714550771	0.113802805628848	0.06574403422723173	0	0	0.052593291651131364	0	0	0	0.07	0.13451719571838708	1.1024866312368915
MB.5633	0.09504512653092728	0.05249910917897847	0.44172023517004183	0.10592698048267	0.14756742833315004	0	0.009593274671456986	0.18276987361582656	0.04779473474536875	0	0.02878478779364007	0.08107877181437097	0.016514302997204827	0.2412863479431595	0.2559970138935994	0.06248777893819839	0	0	0.01481469074652554	0	0	0	0	0.5708222516450869	1.7838804568551185
MB.0627	0.031006445518938507	0	0	0.08335217419856165	0	0.22861771267649533	0.04464204456619973	0.032862355724178435	0	0.14715729294653454	0	0.15147010048861623	0.034393385130722216	0.054561371697270336	0.20604964303283288	0.23793909370339553	0.02844530933284633	0	0.1562384017356802	0	0	0	0	0.42444837202484487	1.4367353307522719
MB.5624	0.08777230385540276	0	0.3767148213818413	0	0	0	0	0.14874152056679765	0.029225484978256795	0.05663991892536709	0	0.04379407933771705	0	0.25682029965680514	0.15420909496184887	0.146401061226394	0	0	0.012527888371765553	0	0	0	0	0.4814491958240092	1.3128464732621963
MB.5566	0.06899396415433696	0	0.21189539951520378	0.04883804936720279	0.05480633578788489	0.10449511008239769	0.0262864966807526	0.1832718236909839	0.031613054796737476	0	0.08168004235134214	0.01189114653578492	0.018576272549060597	0.3334804638780996	0.08800345965473562	0.04264135513890125	0	0	0.0421162617483536	0	0	0	0	0.37891558725300956	1.348589235931778
MB.0414	0	0	0.011837970565328874	0.22772998271058478	0	0	0.009259532493598503	0.1314605210382978	0	0.03875834939098189	0	0.24189192209644533	0.028724927525174894	0.2329656924946078	0.21608315581252438	0.17753664570693387	0.021443154172634482	0	0.06358749531672667	0	0	0	0	0.5246865041790932	1.4012793493238394
MB.0396	0.045287321840776676	0	0	0.34926128270920487	0	0	0.1433297198368541	0.11165562720954918	0	0.03092353985237239	0	0.15158782303229765	0.02828709047922198	0.13804731052555225	0.12798841382311235	0.10434336595726357	0	0	0.014085426055890126	0	0	0	0.01	0.27830473552343543	1.244796921322095
MB.0874	0	0	0	0.12495747885722555	0	0	0.04144280633618343	0.08708038010689528	0.016494423589237573	0.050432307247665065	0	0.13816472940444047	0.045883571197027205	0.37801464164077875	0.07799134444479078	0.22800392844567885	0	0	0.025488740661045135	0	0	0	0.05	0.20096316959980826	1.2139543519309681
MB.0269	0.0022750113578869696	0.018529661162700325	0	0.03759782752820366	0	0.07929096239748688	0.011097278571798777	0.023388898358588057	0	0	0.023435491744016455	0.007999442299701405	0.21921225883903292	0.16714638402156304	0.0371770634077082	0.5177561383259235	0.08050884537786195	0	0	0.09001074247053793	0	0	0	0.4867667902857366	1.31542600586301
MB.0901	0.01795582034257387	0	0	0.09017843476452608	0	0	0.013028115892119751	0.04173540984106094	0	0.2104463985092341	0	0.042528237128994464	0	0.4412076277700331	0.1328554830719978	0.1955464640672867	0	0	0	0.05849852892313165	0	0	0	0.379131057368162	1.2439805203109584
MB.0464	0.06937291869516708	0	0	0.055962177714193255	0	0.21929590105788818	0	0.11195189328604406	0	0.15731121319888605	0	0.09722683746172509	0.05211392498333098	0.07725841546629669	0.22460325943849113	0.14368270999171975	0	0	0.08681184893017627	0	0	0	0	0.4133896414925702	1.2955911002239184
MB.0163	0	0.0008	0.0023517308684495503	0.030090302676745548	0	0.08300467632996897	0	0.08278861938960329	0.027170399922890335	0.020771567028806025	0	0.041922792154129716	0.005601323674135294	0.19369504628718442	0.06222054169258015	0.4857141683630713	0	0	0.006153563171510161	0.004196363364152216	0	0	0.04	0.21859034986627826	1.046479166847718
MB.0149	0	0.00379193674166789	0.003237522490996563	0.003165122665832251	0	0	0	0.11462585974217573	0	0	0.024486004748768803	0.008800073628093978	0.06763020329209048	0.6129907803545447	0.0052789256318784	0.056173788824427584	0	0.030758584297798694	0	0.11744431002566985	0	0	0	0.38434161101949177	1.0483831124439449
MB.0350	0.02617867685659771	0	0.0034462010751891993	0.053009405404384785	0	0	0	0.10722777332125476	0.030765875864890307	0.01156344777888586	0.013557118944858344	0.002948614133852198	0.004628243956270999	0.4608981873556756	0.041581826971443976	0.23231994647269583	0.0007	0	0.060179788303008165	0	0	0	0	0.41277726473981574	1.0489616514830455
MB.0303	0.016230989162304418	0	0.16017751197730346	0.12357367158446167	0	0.006679915011433989	0.03309473874138324	0.18980932047707372	0	0.09102767788708978	0	0.09013585153036865	0.060283129179803045	0.0895350377956156	0.2130128967481794	0.20090998775009855	0.03437526167549008	0	0.09676922145161566	0	0	0	0	0.3832054758968942	1.4056152109722213
MB.0436	0	0.018695735538317732	0	0	0	0.021285464090895854	0	0.033568179466763826	0.036244853515047824	0.046001775115019225	0	0.03557590509194641	0	0.40225111289912846	0.08340172802809966	0.4386185484603374	0.014559284903246521	0	0	0.037441186362383354	0	0	0	0.5404101127744102	1.1676437734711862
MB.0588	0.027384115163656457	0	0.04509627693674995	0.041799626427349766	0	0.3232172193833011	0.0254020822657159	0	0.024398316303492783	0.022611359013361854	0	0.028454352881042665	0.07827513848212919	0.005623166324038263	0.14648928627097624	0.1785649887377593	0.1534677489249374	0	0.15928432522162536	0	0	0	0.02	0.2494609697392616	1.2600680023361361
MB.7119	0.038530807894819497	0	0.014018367616296951	0.020621431734902284	0	0.023622500090286203	0.018885994987430037	0.16963511441260434	0.002569248263519169	0.2345592424064937	0	0.1820376052455785	0	0.28090396612219865	0.20022857025206436	0.06277423393953152	0	0	0.09442398035920668	0	0	0	0	0.4580916921851337	1.342811063324932
MB.7012	0.011425220134620228	0	0.0267524814142485	0.026094463952025197	0	0.0404306421543961	0	0.0647593392889962	0	0.02923964243332483	0	0.023465380404683035	0.020678186259238243	0.6099725129959995	0.0538292037303548	0.0911304274528593	0	0.022182586228584385	0	0.11880386865489348	0	0	0	0.33290610602069054	1.138763955104224
MB.0174	0.04211921328202725	0	0	0	0	0.12682398265428188	0.017613083213370438	0	0	0	0.024875271464960158	0.021431497794486328	0.03617180129889354	0.7471571509173491	0.041757388891625995	0.22078266138183436	0	0	0.022055647313660828	0.0001	0	0.0016892607996497487	0	0.7091253779365111	1.3025408373206178
MB.5547	0	0.011413577121567414	0.007359321367158015	0.02126009585108273	0	0	0.00890303546345396	0.1883095904696162	0.023562877395507754	0.058673162946545926	0.03757284209974667	0	0	0.46768427352352493	0.09441078402638439	0.0777821437498469	0	0	0.022649467616148476	0	0	0	0.28	0.06149958223142371	1.0195811716305834
MB.5465	0.09051393344062522	0	0.01811594952856605	0.02466810310728692	0	0.0813732168700602	0	0.08446566407365196	0	0.04261736170141966	0	0.042041504361091775	0.003745626300845272	0.34110287068896605	0.20228893411668905	0.12761219862026896	0.02332549764505685	0	0.029400442912606788	0	0	0	0.04	0.21202501613527802	1.1112713033671346
